/*--------------------------------*- C++ -*----------------------------------*\
| =========                 |                                                 |
| \\      /  F ield         | OpenFOAM: The Open Source CFD Toolbox           |
|  \\    /   O peration     | Version:  2312                                  |
|   \\  /    A nd           | Website:  www.openfoam.com                      |
|    \\/     M anipulation  |                                                 |
\*---------------------------------------------------------------------------*/
FoamFile
{
    version     2.0;
    format      ascii;
    arch        "LSB;label=32;scalar=64";
    class       surfaceScalarField;
    location    "0";
    object      phi;
}
// * * * * * * * * * * * * * * * * * * * * * * * * * * * * * * * * * * * * * //

dimensions      [0 3 -1 0 0 0 0];

oriented        oriented;

internalField   nonuniform List<scalar> 
6250
(
0.00527758
-0.0749391
0.0696615
0.0101406
-0.0690218
0.0641603
0.0146844
-0.064464
0.0599213
0.0189782
-0.0608796
0.0565873
0.0230719
-0.0580112
0.0539188
0.0270035
-0.0556815
0.0517514
0.0308016
-0.0537653
0.0499685
0.0344912
-0.0521722
0.0484839
0.0381003
-0.0508364
0.0472281
-0.0497113
0.046131
0.0416815
0.0048164
-0.0797543
0.00925393
-0.0734578
0.0133997
-0.068608
0.0173163
-0.0647944
0.021049
-0.0617422
0.0246317
-0.0592626
0.02809
-0.0572224
0.0314453
-0.0555265
0.0347164
-0.0541073
-0.0529197
0.0379247
0.00432481
-0.0840781
0.00830926
-0.0774408
0.0120312
-0.0723289
0.0155467
-0.0683088
0.018896
-0.0650906
0.0221085
-0.0624742
0.0252048
-0.0603183
0.0281984
-0.0585199
0.0310921
-0.0570017
-0.0557025
0.0338737
0.00380614
-0.0878839
0.00731256
-0.0809467
0.010588
-0.075604
0.0136818
-0.0714021
0.0166294
-0.0680377
0.019457
-0.0653014
0.0221833
-0.0630447
0.0248225
-0.0611592
0.0273839
-0.059564
-0.0581963
0.0298766
0.00326354
-0.091147
0.00627027
-0.0839527
0.00907924
-0.0784125
0.0117331
-0.0740554
0.0142624
-0.0705669
0.0166908
-0.0677298
0.0190357
-0.0653901
0.021312
-0.0634362
0.0235321
-0.0617854
-0.0603754
0.0257098
0.00270041
-0.0938475
0.00518845
-0.0864408
0.00751338
-0.0807373
0.00971065
-0.0762526
0.0118062
-0.0726625
0.0138202
-0.0697437
0.0157679
-0.0673383
0.0176629
-0.0653319
0.0195168
-0.0636404
-0.0622008
0.021341
0.00212002
-0.0959672
0.00407363
-0.0883939
0.00589952
-0.0825629
0.00762587
-0.0779787
0.00927327
-0.0743099
0.0108579
-0.0713285
0.0123923
-0.0688732
0.0138872
-0.0668275
0.0153517
-0.0651058
-0.0636441
0.0167942
0.001526
-0.0974934
0.00293237
-0.0898003
0.00424713
-0.0838777
0.0054906
-0.0792221
0.00667785
-0.0754971
0.00782057
-0.0724712
0.00892784
-0.0699808
0.0100075
-0.0679076
0.0110656
-0.0661647
-0.0646869
0.0121078
0.000921987
-0.0984151
0.00177194
-0.0906497
0.00256662
-0.0846719
0.00331842
-0.0799735
0.0040364
-0.0762149
0.00472774
-0.0731625
0.00539787
-0.070651
0.00605149
-0.0685614
0.00669212
-0.0668057
-0.0653181
0.00732288
0.000311969
-0.0987271
0.000599691
-0.0909372
0.000868854
-0.0849407
0.0011235
-0.0802278
0.0013667
-0.0764578
0.00160089
-0.0733964
0.00182784
-0.0708779
0.0020492
-0.0687828
0.00226605
-0.0670227
0.00247949
-0.0655317
0.00770902
-0.00770902
0.0148091
-0.00709776
0.0214364
-0.00662524
0.0276905
-0.00625214
0.0336444
-0.00595216
0.0393534
-0.00570737
0.0448604
-0.00550527
0.0501994
-0.00533713
0.0553979
-0.00519681
-0.00508025
0.0604801
0.00766355
-0.0153696
0.0147215
-0.0141516
0.0213095
-0.0132099
0.0275266
-0.012466
0.033445
-0.0118676
0.0391196
-0.0113788
0.044592
-0.0109746
0.0498953
-0.0106371
0.0550555
-0.0103538
-0.0101154
0.060094
0.00757237
-0.0229399
0.0145464
-0.0211225
0.0210564
-0.0197172
0.0272001
-0.018607
0.0330487
-0.0177136
0.0386555
-0.0169829
0.044061
-0.0163774
0.0492968
-0.01587
0.0543875
-0.0154416
-0.0150787
0.0593538
0.00743594
-0.0303739
0.0142847
-0.0279681
0.0206784
-0.0261084
0.0267132
-0.0246392
0.0324586
-0.0234565
0.0379665
-0.0224883
0.0432756
-0.0216839
0.0484155
-0.021007
0.0534081
-0.0204314
-0.0199386
0.0582711
0.00725481
-0.0376271
0.0139373
-0.034648
0.020177
-0.032346
0.0260679
-0.030528
0.0316782
-0.0290646
0.0370583
-0.027866
0.0422453
-0.0268685
0.0472666
-0.0260256
0.0521409
-0.025303
-0.0246758
0.0568809
0.00702946
-0.0446549
0.0135051
-0.0411212
0.0195534
-0.0383923
0.025266
-0.0362386
0.0307096
-0.0345062
0.035934
-0.0330883
0.0409761
-0.0319083
0.0458626
-0.0309095
0.0506103
-0.0300481
-0.0292894
0.0552267
0.00676066
-0.0514145
0.0129893
-0.0473481
0.0188089
-0.0442099
0.024308
-0.0417357
0.0295524
-0.0397485
0.0345918
-0.0381257
0.0394648
-0.0367794
0.0442018
-0.0356443
0.0488242
-0.0346684
-0.0338063
0.0533434
0.00644938
-0.0578628
0.0123918
-0.053289
0.0179451
-0.0497616
0.0231948
-0.0469835
0.0282043
-0.0447561
0.0330235
-0.0429428
0.0376931
-0.0414471
0.0422507
-0.0401997
0.0467332
-0.039149
-0.0382525
0.0511814
0.00609702
-0.0639586
0.0117151
-0.0589055
0.0169656
-0.0550108
0.0219294
-0.0519457
0.0266665
-0.0494914
0.0312233
-0.0474979
0.0356382
-0.0458604
0.0399478
-0.0445076
0.0441961
-0.0433958
-0.0425149
0.0484603
0.00570563
0.0109629
0.0158761
0.0205199
0.0249492
0.0292047
0.0333143
0.0372923
0.0411256
0.044742
0.0629033
-0.00242155
0.0647744
-0.00186901
0.066226
-0.00144947
0.0673503
-0.00112223
0.0682183
-0.000866256
0.0688851
-0.000665189
0.0693926
-0.000506026
0.0697722
-0.000378298
0.0700474
-0.000273987
0.0702357
-0.000187243
0.0703506
-0.000113959
0.0704028
-5.1295e-05
0.0704008
2.73107e-06
0.070352
4.95479e-05
0.0702624
9.02324e-05
0.0701374
0.000125633
0.0699814
0.000156442
0.0697987
0.000183246
0.0695927
0.000206548
0.00022661
0.0693667
0.0625029
-0.00482704
0.0643778
-0.00374003
0.0658402
-0.00290833
0.0669808
-0.00225952
0.0678699
-0.00175219
0.0685613
-0.00135387
0.0690957
-0.001038
0.0695031
-0.000783538
0.0698058
-0.000574724
0.0700207
-0.000400338
0.070161
-0.000252619
0.0702373
-0.000126204
0.0702587
-1.72941e-05
0.0702325
7.69169e-05
0.0701652
0.000158605
0.0700623
0.000229523
0.0699286
0.000291122
0.0697682
0.000344624
0.0695847
0.000391061
0.000430875
0.0693813
0.0617391
-0.00720926
0.0636164
-0.00561366
0.065095
-0.00438351
0.0662643
-0.00342545
0.0671927
-0.00267765
0.0679314
-0.00209008
0.0685176
-0.00162204
0.0689782
-0.00124217
0.0693331
-0.000928006
0.0695983
-0.000664074
0.0697868
-0.000439818
0.0699096
-0.000247847
0.0699761
-8.27463e-05
0.0699943
5.9651e-05
0.069971
0.000182693
0.0699121
0.000289146
0.0698227
0.000381332
0.0697068
0.000461207
0.0695683
0.000530422
0.000589739
0.0694101
0.0606124
-0.00954723
0.0624903
-0.00748788
0.0639926
-0.00588207
0.0652067
-0.00463608
0.066197
-0.00366486
0.0670084
-0.00289886
0.0676715
-0.00228292
0.0682085
-0.00177737
0.0686375
-0.00135536
0.0689737
-0.000998914
0.0692307
-0.000695587
0.0694203
-0.00043629
0.0695525
-0.000213998
0.0696361
-2.30422e-05
0.0696783
0.000141269
0.0696852
0.000282877
0.0696621
0.000405104
0.0696133
0.000510756
0.0695424
0.000602184
0.000680579
0.0694521
0.0591468
-0.0118098
0.0610193
-0.00935651
0.0625545
-0.0074136
0.0638348
-0.0059128
0.0649128
-0.00474004
0.0658209
-0.00380453
0.0665809
-0.00304096
0.0672114
-0.00240628
0.06773
-0.00187256
0.068153
-0.00142075
0.0684952
-0.00103682
0.0687696
-0.000709765
0.0689869
-0.000430581
0.0691564
-0.000191792
0.0692853
1.28659e-05
0.0693801
0.000188654
0.0694456
0.000339989
0.0694863
0.000470572
0.0695057
0.000583503
0.000680497
0.0695062
0.057372
-0.0139521
0.0592313
-0.0112122
0.0608187
-0.00899737
0.0621942
-0.00728504
0.063384
-0.00592692
0.0644034
-0.00482157
0.0652688
-0.00390445
0.0659996
-0.00313554
0.0666162
-0.00248778
0.0671373
-0.00194072
0.0675792
-0.00147779
0.0679556
-0.00108522
0.0682773
-0.000751529
0.0685533
-0.00046711
0.0687907
-0.000223993
0.0689955
-1.55636e-05
0.0691723
0.000163669
0.0693251
0.000318261
0.0694573
0.000451988
0.000567108
0.0695711
0.0553203
-0.0159262
0.0571701
-0.0130585
0.0588495
-0.0106738
0.0603481
-0.00878069
0.0616549
-0.00723151
0.0627789
-0.00594375
0.0637423
-0.00486645
0.0645716
-0.00396364
0.065291
-0.00320637
0.0659212
-0.00257016
0.0664784
-0.00203432
0.0669753
-0.0015816
0.0674219
-0.00119773
0.0678262
-0.000871023
0.0681944
-0.000591918
0.0685317
-0.000352589
0.0688422
-0.00014663
0.0691295
3.12106e-05
0.0693966
0.000185263
0.000318288
0.0696457
0.0530111
-0.0177535
0.0549071
-0.0149516
0.0567261
-0.01249
0.0583369
-0.0103891
0.0597278
-0.00862001
0.0609291
-0.00714321
0.0619783
-0.00591423
0.0629075
-0.00489159
0.0637411
-0.00403887
0.0644972
-0.0033254
0.0651896
-0.00272596
0.0658288
-0.00222003
0.0664227
-0.00179105
0.0669778
-0.00142562
0.0674993
-0.00111292
0.0679913
-0.000844199
0.0684573
-0.000612369
0.0689006
-0.000411679
0.0693238
-0.00023746
-8.65788e-05
0.069729
0.0503908
-0.019682
0.0525017
-0.0170598
0.0544347
-0.014421
0.0560841
-0.0120367
0.0575149
-0.0100496
0.0587852
-0.00841251
0.0599336
-0.00706179
0.0609856
-0.0059429
0.0619589
-0.00501172
0.0628668
-0.00423289
0.0637194
-0.00357813
0.0645244
-0.0030248
0.0652883
-0.00255469
0.0660161
-0.00215319
0.0667119
-0.00180857
0.0673792
-0.0015114
0.068021
-0.00125413
0.0686401
-0.00103068
0.069239
-0.000836178
-0.000667195
0.0698198
0.0468806
-0.0218194
0.0489829
-0.0191612
0.0509938
-0.0164307
0.0528314
-0.0138732
0.0544938
-0.0117108
0.0560056
-0.00992338
0.0573922
-0.00844756
0.0586746
-0.00722463
0.05987
-0.00620656
0.0609925
-0.00535482
0.0620534
-0.00463852
0.0630618
-0.00403286
0.0640254
-0.00351791
0.0649502
-0.00307768
0.0658412
-0.00269932
0.0667026
-0.00237259
0.0675379
-0.00208928
0.0683503
-0.00184287
0.0691425
-0.00162818
-0.00144124
0.0699167
0.0915217
-0.0195091
-0.0938313
0.0896468
-0.0172864
0.0883663
-0.0151502
0.0876313
-0.0131379
0.0872599
-0.0113394
0.0871149
-0.0097783
0.0871085
-0.00844106
0.0871854
-0.00730137
0.0873101
-0.00633118
0.08746
-0.00550454
0.0876203
-0.0047987
0.0877818
-0.00419428
0.0879388
-0.00367494
0.0880883
-0.0032271
0.0882285
-0.00283951
0.0883588
-0.00250292
0.0884792
-0.00220974
0.08859
-0.00195377
0.0886918
-0.0017299
-0.00153391
0.0887844
0.0937444
-0.0168339
-0.09642
0.091783
-0.0153263
0.0903787
-0.0137463
0.0894297
-0.0121894
0.088821
-0.0107308
0.0884522
-0.00940971
0.0882482
-0.00823727
0.0881556
-0.00720883
0.0881368
-0.00631244
0.0881658
-0.0055336
0.0882247
-0.00485761
0.0883011
-0.00427071
0.0883867
-0.00376055
0.0884759
-0.00331634
0.0885651
-0.00292876
0.0886519
-0.0025899
0.0887352
-0.00229306
0.0888139
-0.00203261
0.0888877
-0.00180379
-0.00160261
0.0889564
0.0952521
-0.0143835
-0.0977036
0.093363
-0.0134386
0.0919355
-0.0123199
0.0908884
-0.0111431
0.090142
-0.00998532
0.0896246
-0.00889298
0.0892767
-0.00788988
0.089052
-0.00698455
0.0889156
-0.00617643
0.0888418
-0.00546005
0.0888116
-0.00482763
0.0888112
-0.00427058
0.0888309
-0.00378039
0.0888634
-0.00334909
0.0889039
-0.00296944
0.0889488
-0.00263499
0.0889956
-0.00234013
0.0890427
-0.00207995
0.0890889
-0.00185024
-0.00164734
0.0891335
0.096197
-0.0123018
-0.0982798
0.0944817
-0.0117254
0.0931123
-0.0109516
0.0920462
-0.0100783
0.0912344
-0.00917457
0.0906277
-0.00828726
0.090182
-0.00744496
0.0898601
-0.00666328
0.089632
-0.00594888
0.0894742
-0.00530273
0.0893686
-0.00472244
0.0893014
-0.00420373
0.0892622
-0.00374149
0.0892431
-0.00333033
0.0892384
-0.00296502
0.0892437
-0.0026406
0.0892558
-0.00235258
0.0892724
-0.00209689
0.0892918
-0.00186991
-0.00166847
0.0893128
0.0967734
-0.0105504
-0.0985262
0.0952555
-0.0102092
0.0939856
-0.00968324
0.0929498
-0.00904387
0.0921217
-0.00834778
0.09147
-0.00763672
0.0909637
-0.0069396
0.0905745
-0.00627487
0.0902782
-0.00565319
0.0900545
-0.00507967
0.0898873
-0.00455576
0.0897637
-0.00408051
0.0896733
-0.00365157
0.0896084
-0.00326581
0.0895628
-0.00291976
0.0895317
-0.0026099
0.0895115
-0.00233279
0.0894994
-0.00208523
0.0894933
-0.00186423
-0.00166707
0.0894915
0.0971147
-0.00906474
-0.0986015
0.0957814
-0.00887809
0.094625
-0.00852846
0.0936459
-0.00806644
0.0928327
-0.00753593
0.0921671
-0.00697228
0.0916284
-0.00640192
0.0911962
-0.00584351
0.0908517
-0.00530941
0.0905784
-0.00480709
0.0903626
-0.0043405
0.0901926
-0.00391107
0.0900591
-0.00351856
0.0899545
-0.00316165
0.0898726
-0.00283839
0.0898088
-0.00254649
0.0897591
-0.00228351
0.0897204
-0.00204702
0.0896904
-0.00183468
-0.00164429
0.0896673
0.0973013
-0.00779325
-0.098574
0.096131
-0.00771018
0.095087
-0.00748635
0.0941764
-0.00715752
0.0933964
-0.0067574
0.0927375
-0.00631466
0.0921868
-0.00585234
0.0917303
-0.0053879
0.091354
-0.0049339
0.091045
-0.00449886
0.090792
-0.00408815
0.0905851
-0.00370478
0.090416
-0.00335
0.0902777
-0.0030239
0.0901645
-0.00272572
0.0900718
-0.00245421
0.0899955
-0.0022078
0.0899327
-0.00198477
0.0898808
-0.00178335
-0.00160178
0.0898378
0.0973844
-0.00669692
-0.0984823
0.0963549
-0.00668357
0.0954158
-0.00654916
0.0945766
-0.00631993
0.0938391
-0.00602139
0.0931998
-0.00567658
0.0926513
-0.00530489
0.0921843
-0.00492188
0.091789
-0.00453947
0.0914557
-0.00416634
0.0911754
-0.00380853
0.0909399
-0.00346994
0.0907421
-0.00315284
0.0905759
-0.00285828
0.0904361
-0.00258644
0.0903182
-0.00233688
0.0902186
-0.00210874
0.0901342
-0.0019009
0.0900624
-0.00171213
-0.0015411
0.0900012
0.0973977
-0.00574544
-0.0983512
0.0964893
-0.00577782
0.0956451
-0.0057068
0.0948751
-0.00555157
0.0941839
-0.00533169
0.0935715
-0.00506539
0.0930343
-0.00476877
0.0925667
-0.00445531
0.0921621
-0.0041358
0.0918135
-0.00381856
0.091514
-0.00350974
0.091257
-0.00321367
0.0910367
-0.00293318
0.0908477
-0.00267
0.0906856
-0.00242494
0.0905463
-0.00219817
0.0904264
-0.00198942
0.0903229
-0.00179808
0.0902334
-0.00162331
-0.00146415
0.0901559
0.0973654
-0.00491431
-0.0981984
0.0965603
-0.00497553
0.0958003
-0.00494855
0.095095
-0.00484783
0.0944502
-0.0046883
0.0938681
-0.00448447
0.0933477
-0.00424949
0.0928862
-0.00399478
0.0924794
-0.00372987
0.0921224
-0.00346239
0.0918101
-0.00319825
0.0915375
-0.00294184
0.0912999
-0.00269628
0.0910928
-0.00246364
0.0909124
-0.00224517
0.0907551
-0.0020415
0.0906177
-0.00185274
0.0904977
-0.00167867
0.0903926
-0.00151883
-0.00137259
0.0903004
0.0973041
-0.00418381
-0.0980364
0.0965873
-0.00426129
0.095901
-0.00426404
0.0952545
-0.00420281
0.0946541
-0.00408922
0.0941031
-0.0039347
0.0936024
-0.00374993
0.0931511
-0.00354448
0.0927469
-0.00332654
0.0923865
-0.00310293
0.0920665
-0.00287908
0.0917831
-0.00265922
0.0915325
-0.0024465
0.0913113
-0.00224315
0.0911161
-0.00205067
0.0909438
-0.00186994
0.0907918
-0.0017014
0.0906575
-0.00154512
0.0905388
-0.00140088
-0.00126829
0.0904339
0.0972267
-0.00353732
-0.0978749
0.0965845
-0.00362185
0.0959623
-0.00364331
0.0953681
-0.00361006
0.0948086
-0.00353098
0.0942879
-0.00341511
0.0938079
-0.00327104
0.0933691
-0.00310665
0.0929705
-0.00292891
0.0926103
-0.00274371
0.0922863
-0.00255594
0.0919958
-0.0023695
0.0917358
-0.00218738
0.0915038
-0.00201183
0.0912968
-0.00184444
0.0911124
-0.00168624
0.0909481
-0.00153784
0.0908018
-0.0013995
0.0906714
-0.00127123
-0.00115285
0.0905553
0.0971421
-0.00296063
-0.0977207
0.0965631
-0.00304515
0.0959955
-0.00307722
0.0954472
-0.00306304
0.0949245
-0.00300952
0.0944319
-0.00292369
0.0939723
-0.00281244
0.0935468
-0.0026822
0.0931557
-0.00253874
0.0927981
-0.0023871
0.0924728
-0.00223152
0.0921779
-0.00207548
0.0919114
-0.00192173
0.0916712
-0.0017724
0.091455
-0.00162905
0.0912608
-0.00149276
0.0910864
-0.00136425
0.09093
-0.00124388
0.0907898
-0.0011318
-0.00102794
0.0906642
0.0970576
-0.00244124
-0.0975786
0.096531
-0.00252076
0.0960097
-0.00255719
0.0955007
-0.00255529
0.0950103
-0.00252028
0.0945432
-0.00245765
0.0941025
-0.00237282
0.0936903
-0.00227094
0.0933073
-0.00215675
0.0929537
-0.00203443
0.0926288
-0.00190757
0.0923316
-0.00177917
0.0920607
-0.00165168
0.0918145
-0.00152701
0.0915913
-0.00140661
0.0913893
-0.00129154
0.0912068
-0.00118251
0.0910421
-0.00107996
0.0908936
-0.000984105
-0.000894995
0.09076
0.0969781
-0.0019685
-0.0974523
0.0964946
-0.00203923
0.0960116
-0.00207543
0.0955357
-0.00208058
0.0950729
-0.00205863
0.094628
-0.00201377
0.0942044
-0.00195021
0.0938044
-0.001872
0.0934296
-0.0017829
0.0930806
-0.0016863
0.0927572
-0.00158516
0.0924591
-0.00148198
0.0921854
-0.00137882
0.0919349
-0.00127735
0.0917063
-0.00117885
0.0914983
-0.00108428
0.0913094
-0.000994308
0.091138
-0.000909377
0.0909827
-0.000829731
-0.000755456
0.0908425
0.0969074
-0.00153287
-0.0973443
0.0964584
-0.00159213
0.0960064
-0.00162463
0.0955576
-0.0016329
0.0951178
-0.00161984
0.0946916
-0.00158856
0.0942826
-0.00154222
0.0938935
-0.00148391
0.0935262
-0.00141653
0.0931817
-0.00134271
0.0928604
-0.00126478
0.0925623
-0.00118474
0.0922869
-0.00110427
0.0920334
-0.00102472
0.0918009
-0.000947167
0.0915883
-0.000872416
0.0913943
-0.000801056
0.0912176
-0.000733484
0.091057
-0.000669943
-0.000610549
0.0909114
0.0968481
-0.00112587
-0.0972563
0.0964259
-0.0011717
0.0959982
-0.00119801
0.0955707
-0.00120652
0.0951491
-0.00119923
0.0947379
-0.00117836
0.0943409
-0.00114616
0.0939609
-0.00110486
0.0936
-0.00105656
0.0932596
-0.0010032
0.0929404
-0.000946486
0.0926428
-0.000887928
0.0923664
-0.000828784
0.092111
-0.000770087
0.0918757
-0.000712663
0.0916596
-0.000657148
0.0914619
-0.00060401
0.0912812
-0.000553574
0.0911164
-0.000506041
-0.000461512
0.0909667
0.0968023
-0.000739657
-0.0971897
0.0963996
-0.000770764
0.0959896
-0.000789166
0.095578
-0.000795875
0.0951699
-0.000792172
0.0947701
-0.000779453
0.0943822
-0.000759174
0.0940092
-0.000732773
0.0936534
-0.000701622
0.0933163
-0.000666987
0.092999
-0.000630005
0.0927019
-0.000591667
0.0924251
-0.000552816
0.0921684
-0.000514148
0.0919312
-0.000476223
0.0917128
-0.000439478
0.0915123
-0.000404235
0.0913287
-0.000370724
0.0911609
-0.000339092
-0.000309419
0.0910082
0.0967712
-0.000366945
-0.097145
0.0963812
-0.000382522
0.0959829
-0.000391959
0.0955817
-0.000395613
0.0951827
-0.000394092
0.0947904
-0.000388077
0.0944086
-0.000378282
0.0940404
-0.000365413
0.093688
-0.000350146
0.0933533
-0.000333108
0.0930373
-0.000314862
0.0927408
-0.000295901
0.0924638
-0.000276647
0.0922063
-0.000257449
0.0919679
-0.00023859
0.091748
-0.000220292
0.0915458
-0.000202723
0.0913603
-0.000186005
0.0911906
-0.000170214
-0.00015538
0.0910359
0.0967556
-0.0971237
0.0963717
0.0959793
0.0955832
0.0951887
0.0948002
0.0944215
0.0940556
0.0937051
0.0933716
0.0930563
0.09276
0.092483
0.0922252
0.0919862
0.0917656
0.0915625
0.0913761
0.0912054
0.0910498
0.0958771
0.00250282
-0.0959005
0.095811
0.00738878
0.095701
0.0122173
0.095545
0.0169494
0.0953386
0.021546
0.0950758
0.025971
0.0947516
0.0301989
0.0943757
0.0342478
0.0940265
0.0382726
0.041875
0.0936457
0.00247081
-0.093614
0.093745
0.00728881
0.0939155
0.0120459
0.0941608
0.0167028
0.0944805
0.0212246
0.0948612
0.0255883
0.0952625
0.0297958
0.0956164
0.0338924
0.0959876
0.0379
0.0414411
0.0918199
0.00240023
-0.0917496
0.0920314
0.00707647
0.0923814
0.0116948
0.0928609
0.0162218
0.09345
0.0206337
0.094115
0.0249215
0.0948199
0.0290894
0.0955822
0.0331283
0.0965681
0.0369123
0.040303
0.0902975
0.00230549
-0.0902031
0.0905778
0.00679538
0.091034
0.0112376
0.0916478
0.0156067
0.092394
0.0198861
0.09325
0.0240642
0.0942195
0.0281185
0.0953616
0.0319854
0.096746
0.0355268
0.0387674
0.0890098
0.00219674
-0.0889014
0.0893301
0.00647431
0.0898505
0.0107163
0.0905535
0.0149028
0.0914228
0.0190159
0.0924547
0.0230313
0.0936693
0.0269029
0.0951003
0.030553
0.0967399
0.0338859
0.0369791
0.0879141
0.00207922
-0.087797
0.0882605
0.0061273
0.088827
0.0101492
0.0896026
0.0141266
0.0905811
0.0180367
0.0917673
0.0218444
0.0931743
0.0254952
0.0948051
0.0289214
0.0966257
0.0320643
0.0350011
0.0869813
0.001955
-0.0868575
0.0873484
0.0057597
0.0879537
0.00954339
0.0887925
0.0132874
0.0898642
0.0169646
0.0911726
0.0205353
0.0927191
0.0239478
0.0944897
0.0271497
0.0964481
0.0301045
0.0328723
0.0861888
0.0018248
-0.0860589
0.0865742
0.00537384
0.0872138
0.00890363
0.0881063
0.0123946
0.0892525
0.0158179
0.0906522
0.0191349
0.0922981
0.0223009
0.0941701
0.0252764
0.0962363
0.0280365
0.0306233
0.085517
0.00168907
-0.0853816
0.0859191
0.00497143
0.0865882
0.00823444
0.0875245
0.0114581
0.0887277
0.0146143
0.0901939
0.0176679
0.0919112
0.0205823
0.0938589
0.023327
0.0960099
0.0258834
0.0282787
0.0849489
0.00154842
-0.0848084
0.0853656
0.00455466
0.0860593
0.00754079
0.08703
0.0104872
0.0882759
0.0133679
0.0897902
0.0161526
0.0915597
0.0188115
0.0935648
0.0213205
0.095782
0.0236644
0.0258594
0.0844696
0.00140348
-0.0843247
0.0848986
0.00412576
0.085612
0.00682739
0.0866092
0.00948981
0.0878866
0.0120899
0.0894363
0.014602
0.0912445
0.0170018
0.0932931
0.0192701
0.0955617
0.0213939
0.0233817
0.0840665
0.00125496
-0.0839179
0.0845054
0.00368689
0.0852344
0.00609841
0.0862516
0.00847225
0.0875525
0.0107884
0.0891281
0.0130253
0.0909652
0.0151634
0.0930471
0.0171867
0.095355
0.0190841
0.0208591
0.0837292
0.00110347
-0.0835777
0.0841759
0.00324018
0.0849168
0.00535732
0.0859493
0.00743946
0.0872676
0.00946935
0.0888626
0.0114293
0.0907214
0.0133033
0.0928285
0.0150781
0.0951664
0.0167443
0.0183024
0.0834493
0.000949634
-0.0832955
0.0839019
0.00278727
0.084652
0.00460694
0.0856959
0.00639504
0.0870273
0.00813718
0.0886369
0.00981879
0.090512
0.0114269
0.0926381
0.0129507
0.0949986
0.0143822
0.0157202
0.0832198
0.00079394
-0.0830642
0.0836771
0.00232962
0.0844342
0.00384942
0.0854868
0.00534188
0.0868281
0.00679506
0.0884487
0.00819733
0.0903361
0.00953826
0.0924763
0.0108092
0.0948535
0.0120036
0.0131194
0.0830355
0.000636841
-0.0828787
0.0834964
0.00186829
0.0842588
0.00308646
0.0853181
0.00428199
0.086667
0.00544541
0.0882958
0.00656762
0.0901924
0.00764054
0.092343
0.00865745
0.0947322
0.00961312
0.0105054
0.0828924
0.000478661
-0.0827345
0.083356
0.00140413
0.0841226
0.00231926
0.0851871
0.00321688
0.0865417
0.00408993
0.0881769
0.00493163
0.0900802
0.00573607
0.0922382
0.00649831
0.0946355
0.00721449
0.00788278
0.0827873
0.000319663
-0.0826287
0.083253
0.000937718
0.084023
0.00154867
0.0850916
0.00214766
0.0864507
0.00272989
0.0880906
0.0032909
0.0899987
0.00382676
0.0921617
0.00433427
0.094564
0.00481085
0.0052553
0.0827179
0.00016006
-0.0825587
0.0831855
0.000469521
0.0839581
0.000775436
0.08503
0.00107515
0.0863927
0.00136631
0.088036
0.00164665
0.0899474
0.00191422
0.0921131
0.00216741
0.0945178
0.00240497
0.00262629
0.0826827
-0.0825231
0.0831519
0.0839269
0.0850016
0.0863674
0.0880135
0.0899271
0.0920939
0.0944982
0.0380648
0.0498028
-0.0462265
-0.0416411
0.0344596
0.0509228
-0.0473203
0.0307757
0.052255
-0.0485725
0.0269824
0.0538453
-0.0500537
0.0230554
0.0557592
-0.0518337
0.0189654
0.0580873
-0.0539987
0.0146751
0.0609547
-0.0566657
0.0101342
0.0645391
-0.0599997
0.00527457
0.0690989
-0.0642404
0.0750205
-0.069747
0.0346591
0.0529964
-0.0378545
0.0313972
0.0541826
0.0280506
0.0556004
0.0245992
0.0572949
0.021023
0.0593338
0.0172959
0.0618125
0.0133844
0.0648642
0.00924356
0.0686785
0.00481116
0.0735301
0.0798313
0.0310229
0.0557663
-0.0337931
0.0281391
0.0570658
0.0251552
0.058584
0.022067
0.0603821
0.0188622
0.0625377
0.0155197
0.0651537
0.0120109
0.0683722
0.00829528
0.0723932
0.00431797
0.0775075
0.084149
0.0273079
0.0582492
-0.0297907
0.0247561
0.0596177
0.0221264
0.0612135
0.0194086
0.0630992
0.0165894
0.0653561
0.0136497
0.0680926
0.0105636
0.0714576
0.00729589
0.0756607
0.00379776
0.0810058
0.087947
0.0234518
0.0604182
-0.0256204
0.0212408
0.0618291
0.0189736
0.0634807
0.0166372
0.0654351
0.0142177
0.0677753
0.0116967
0.070613
0.00905165
0.0741023
0.00625137
0.0784606
0.00325402
0.0840032
0.091201
0.0194334
0.0622343
-0.0212491
0.0175884
0.0636747
0.0157021
0.065367
0.0137629
0.067374
0.0117579
0.0697799
0.00967133
0.0726993
0.00748331
0.0762902
0.00516797
0.0807763
0.00268998
0.0864817
0.0938914
0.0152663
0.0636688
-0.0167004
0.0138103
0.0651312
0.0123238
0.0668534
0.010798
0.0688996
0.00922248
0.0713554
0.00758431
0.0743374
0.00586775
0.078007
0.0040519
0.0825923
0.00210902
0.088425
0.0960007
0.0109787
0.0647032
-0.0120128
0.00992877
0.0661814
0.00885755
0.0679246
0.00775891
0.0699982
0.00662533
0.072489
0.00544762
0.0755153
0.00421413
0.0792408
0.00290993
0.0838973
0.00151461
0.089821
0.0975158
0.00660422
0.0653262
-0.00722707
0.00597158
0.066814
0.00532641
0.0685699
0.00466496
0.0706597
0.00398286
0.0731713
0.00327449
0.076224
0.00253297
0.0799829
0.001749
0.0846817
0.000910405
0.0906602
0.0984264
0.0021776
-0.00238321
0.00196869
0.00175579
0.00153758
0.00131264
0.00107918
0.000834852
0.000576595
0.000300267
0.0555378
0.0050994
-0.0606372
0.0503178
0.00521453
0.0449625
0.00535376
0.0394401
0.00552103
0.0337164
0.00572243
0.0277483
0.00596672
0.0214804
0.00626639
0.0148391
0.00663936
0.00772499
0.00711169
0.00772215
0.05519
0.0101527
-0.0602464
0.0500097
0.0103888
0.0446908
0.0106701
0.0392037
0.0110058
0.033515
0.0114085
0.0275828
0.0118961
0.0213522
0.0124936
0.0147502
0.0132371
0.00767801
0.0141789
0.0153978
0.0545125
0.0151329
-0.0594954
0.0494034
0.0154926
0.0441533
0.015918
0.0387342
0.0164229
0.0331143
0.0170262
0.0272529
0.0177551
0.0210964
0.0186472
0.0145732
0.0197567
0.00758568
0.0211622
0.0229815
0.0535197
0.0200078
-0.058397
0.0485108
0.0204964
0.0433585
0.0210686
0.0380373
0.0217423
0.0325177
0.0225439
0.0267608
0.0235097
0.0207145
0.0246908
0.0143088
0.026159
0.00744787
0.0280192
0.0304274
0.0522356
0.0247573
-0.0569875
0.0473479
0.0253801
0.0423161
0.0260986
0.037119
0.0269378
0.0317291
0.0279319
0.026109
0.0291277
0.0202081
0.0305891
0.013958
0.0324061
0.00726497
0.0347087
0.0376908
0.0506858
0.0293807
-0.0553109
0.0459273
0.0301346
0.0410329
0.0309917
0.0359828
0.0319864
0.0307507
0.0331626
0.0252992
0.0345773
0.0195787
0.0363074
0.0135219
0.03846
0.00703767
0.0411898
0.044727
0.0488786
0.0339045
-0.0534041
0.0442485
0.0347618
0.0395059
0.0357329
0.0346272
0.0368637
0.0295823
0.038206
0.0243325
0.0398255
0.0188275
0.0418104
0.0130018
0.0442836
0.00676665
0.0474225
0.0514926
0.0467657
0.0383552
-0.0512175
0.0422778
0.0392464
0.0377173
0.0402922
0.0330445
0.041535
0.0282225
0.0430267
0.0232098
0.0448367
0.0179568
0.0470618
0.0123994
0.0498388
0.00645296
0.053367
0.0579448
0.0442049
0.0426192
-0.0484704
0.0399546
0.0434936
0.0356448
0.0446001
0.0312295
0.0459485
0.0266724
0.0475823
0.0219348
0.0495729
0.0169699
0.0520251
0.0117177
0.0550891
0.00609819
0.0589851
0.0640423
0.0411083
-0.0447183
0.0372778
0.0333036
0.0291966
0.0249435
0.0205158
0.0158731
0.0109607
0.00570426
0.070522
0.000188689
0.0706729
-0.000153405
0.0708007
-0.000129776
0.0709019
-0.000103127
0.0709731
-7.30853e-05
0.0710104
-3.90499e-05
0.0710089
-2.19334e-07
0.0709628
4.43944e-05
0.0708651
9.60041e-05
0.0707073
0.000156156
0.0704786
0.000226922
0.0701655
0.000311212
0.0697503
0.000413181
0.0692093
0.000538713
0.068511
0.000695772
0.0676129
0.000894732
0.0664605
0.00114886
0.0649822
0.001474
0.0630867
0.0018916
0.00244208
0.0705129
0.000383717
0.0706402
-0.000284915
0.0707442
-0.00023739
0.0708218
-0.000184093
0.0708696
-0.000124134
0.0708835
-5.61487e-05
0.0708586
2.15902e-05
0.0707887
0.000111144
0.0706665
0.00021497
0.0704833
0.00033611
0.0702281
0.000478537
0.0698877
0.000647736
0.069445
0.000851549
0.0688773
0.00110128
0.0681545
0.00141268
0.067236
0.00180695
0.0660674
0.00231035
0.0645787
0.00295593
0.0626796
0.00378484
0.00486917
0.0704952
0.000597223
0.0705749
-0.000368041
0.0706314
-0.000296715
0.0706618
-0.000217261
0.070663
-0.000127992
0.0706308
-2.65712e-05
0.07056
8.98631e-05
0.0704439
0.000224619
0.0702748
0.000381512
0.0700432
0.000565073
0.0697379
0.000780981
0.0693456
0.00103681
0.0688504
0.00134325
0.0682315
0.0017158
0.0674623
0.00217711
0.066505
0.00275832
0.0653088
0.00350072
0.0638048
0.004454
0.061904
0.00568054
0.00727258
0.0704681
0.000837764
0.0704758
-0.000379051
0.0704604
-0.00028422
0.0704199
-0.000179432
0.0703513
-6.20702e-05
0.0702507
7.1535e-05
0.0701124
0.000225692
0.0699293
0.000405217
0.0696928
0.000615495
0.0693926
0.000862698
0.0690166
0.0011542
0.068551
0.00149932
0.0679801
0.00191064
0.0672856
0.00240628
0.0664446
0.00301306
0.0654268
0.00377097
0.0641869
0.00473476
0.0626608
0.00597484
0.0607606
0.00757635
0.00963118
0.0704312
0.00111545
0.0703418
-0.000292511
0.0702297
-0.000174573
0.0700941
-4.61135e-05
0.0699327
9.70798e-05
0.0697415
0.000260469
0.0695149
0.000450127
0.0692454
0.000672612
0.0689236
0.000935116
0.0685383
0.00124574
0.0680762
0.00161387
0.067522
0.00205079
0.0668589
0.00257069
0.0660687
0.00319264
0.0651328
0.00394482
0.0640286
0.00486996
0.0627245
0.00603409
0.0611671
0.00752753
0.0592738
0.00946558
0.0119137
0.0703846
0.00143972
0.0701722
-8.29946e-05
0.0699378
5.72965e-05
0.0696824
0.00020686
0.0694048
0.000372431
0.0691012
0.000561959
0.0687657
0.000783524
0.0683907
0.00104548
0.0679668
0.00135689
0.0674824
0.001728
0.0669232
0.00217069
0.0662725
0.00269895
0.0655107
0.00332948
0.0646171
0.00408291
0.0635716
0.00498614
0.0623579
0.00607964
0.0609602
0.00742722
0.0593526
0.00913108
0.0574747
0.0113403
0.0140738
0.070329
0.00182005
0.0699664
0.000277268
0.0695833
0.000438543
0.0691838
0.000604564
0.068767
0.000787481
0.0683288
0.000998453
0.0678634
0.0012474
0.0673632
0.00154411
0.0668193
0.00189919
0.0662208
0.00232487
0.0655542
0.00283567
0.0648023
0.00344896
0.0639441
0.00418552
0.0629545
0.00506977
0.0618069
0.00613098
0.0604782
0.00740463
0.0589598
0.00894235
0.0572621
0.0108255
0.055396
0.0132034
0.0160633
0.0702679
0.0022613
0.0697243
0.000818489
0.0691654
0.000995348
0.0685986
0.00116939
0.0680212
0.001363
0.0674274
0.00159038
0.0668108
0.00186227
0.0661642
0.002189
0.0654796
0.00258203
0.0647478
0.00305497
0.0639573
0.0036244
0.0630935
0.00431078
0.0621375
0.00513926
0.0610644
0.00614059
0.0598415
0.00735084
0.0584315
0.00881207
0.056803
0.0105678
0.054968
0.0126577
0.0530586
0.0151106
0.0179013
0.070211
0.00275993
0.0694428
0.0015851
0.0686823
0.00175444
0.0679295
0.00192087
0.0671737
0.00211751
0.0664058
0.00235706
0.0656182
0.00264869
0.0648041
0.00300207
0.0639563
0.00342877
0.0630671
0.00394311
0.0621275
0.00456298
0.0611265
0.00531074
0.0600502
0.00621442
0.05888
0.00730905
0.0575904
0.00863896
0.056142
0.010258
0.0544772
0.0122307
0.0525305
0.0146025
0.0504085
0.0172302
0.0198364
0.070187
0.00328229
0.0691073
0.00266298
0.0681304
0.00272976
0.0671806
0.00286924
0.0662319
0.00306474
0.0652715
0.00331618
0.0642901
0.00362885
0.0632796
0.00401135
0.0622318
0.00447538
0.0611377
0.00503609
0.0599868
0.00571274
0.0587668
0.00652957
0.0574628
0.00751705
0.0560572
0.00871348
0.0545282
0.0101663
0.0528504
0.0119347
0.0509986
0.0140809
0.0489743
0.0166252
0.0468611
0.0193422
0.021976
0.0897965
0.00312974
0.0894861
0.00297234
0.0892273
0.0029877
0.0889961
0.00309952
0.0887784
0.00328161
0.0885667
0.00352715
0.0883572
0.00383763
0.088149
0.00421897
0.0879434
0.00468041
0.0877448
0.00523416
0.0875616
0.00589553
0.0874076
0.00668314
0.0873052
0.00761912
0.0872891
0.00872885
0.087415
0.0100403
0.0877701
0.0115788
0.0884926
0.0133581
0.0897641
0.0153532
0.0916318
0.0174731
0.0196801
0.0939281
0.0896391
0.00313429
0.0895015
0.00310899
0.0893391
0.00314911
0.0891782
0.00325961
0.089024
0.00343514
0.0888772
0.00367334
0.0887386
0.00397567
0.0886104
0.00434665
0.0884971
0.00479329
0.0884062
0.00532479
0.0883492
0.00595229
0.0883436
0.00668859
0.0884149
0.00754766
0.0886006
0.00854349
0.0889535
0.00968722
0.0895493
0.0109835
0.0904877
0.0124199
0.091884
0.0139571
0.0938388
0.0155189
0.0170091
0.0965092
0.0896138
0.00316475
0.0895416
0.0031808
0.0894496
0.00324077
0.0893538
0.0033551
0.0892622
0.00352637
0.0891795
0.00375575
0.0891095
0.0040454
0.089057
0.004399
0.0890286
0.00482168
0.0890336
0.0053198
0.0890855
0.00590063
0.0892026
0.00657174
0.0894107
0.00734011
0.0897443
0.00821041
0.0902497
0.00918292
0.0909858
0.010248
0.0920248
0.011382
0.0934458
0.0125374
0.095329
0.0136364
0.014563
0.0977763
0.0896299
0.00317913
0.0896015
0.00320891
0.0895639
0.00327816
0.089525
0.00339389
0.0894916
0.00355977
0.0894692
0.00377818
0.0894631
0.00405149
0.0894797
0.00438256
0.0895267
0.0047749
0.0896145
0.0052324
0.0897566
0.00575898
0.089971
0.00635791
0.0902811
0.00703076
0.0907168
0.00777596
0.0913148
0.00858591
0.0921198
0.00944495
0.0931802
0.0103233
0.0945448
0.0111741
0.0962556
0.0119275
0.0124851
0.0983343
0.0896596
0.00316421
0.0896708
0.00319799
0.0896797
0.00326955
0.0896909
0.00338283
0.08971
0.00354087
0.0897425
0.00374593
0.0897942
0.00399999
0.0898721
0.00430504
0.0899842
0.00466312
0.0901411
0.00507609
0.0903555
0.00554519
0.0906439
0.00607042
0.0910263
0.00664954
0.0915267
0.00727663
0.0921739
0.0079407
0.0929982
0.0086223
0.094031
0.00929252
0.0952983
0.00990877
0.0968132
0.0104138
0.0107362
0.0985634
0.0896934
0.00311541
0.0897424
0.00314943
0.0897929
0.00321926
0.089849
0.00332717
0.089915
0.00347516
0.0899965
0.00366486
0.0900993
0.00389766
0.0902301
0.00417465
0.0903972
0.00449662
0.0906102
0.00486377
0.0908807
0.00527538
0.091223
0.00572912
0.0916533
0.0062203
0.0921908
0.00674085
0.0928555
0.00727759
0.0936684
0.0078117
0.0946472
0.00831582
0.0958033
0.00875447
0.0971356
0.00908333
0.00925114
0.0986216
0.0897274
0.003033
0.0898122
0.00306544
0.0899009
0.00313129
0.0899969
0.00323169
0.0901048
0.0033679
0.0902293
0.00354088
0.0903763
0.00375129
0.0905521
0.00399942
0.0907644
0.00428504
0.0910218
0.00460712
0.0913345
0.00496354
0.0917142
0.00535051
0.0921739
0.00576195
0.0927275
0.00618863
0.0933896
0.00661766
0.0941725
0.00703071
0.0950858
0.0074047
0.0961322
0.00771031
0.0973034
0.00791354
0.00797838
0.0985777
0.0897599
0.00291807
0.089878
0.00294815
0.0900013
0.00300877
0.0901331
0.00310055
0.0902777
0.00322403
0.0904397
0.0033796
0.0906244
0.00356733
0.0908377
0.00378683
0.0910864
0.00403709
0.0913782
0.00431623
0.0917214
0.00462122
0.0921256
0.00494745
0.0926006
0.00528825
0.0931566
0.0056344
0.0938027
0.00597329
0.0945465
0.00628918
0.0953915
0.00656193
0.0963354
0.00676837
0.0973682
0.00688271
0.00687833
0.0984697
0.08979
0.00277341
0.0899387
0.00280067
0.090093
0.00285545
0.0902566
0.00293792
0.0904333
0.00304823
0.0906275
0.00318631
0.0908439
0.00335174
0.091088
0.0035436
0.0913656
0.00376035
0.0916832
0.00399957
0.0920477
0.00425774
0.0924664
0.00452992
0.0929467
0.00480937
0.0934955
0.00508719
0.0941185
0.00535227
0.0948192
0.00559044
0.0955979
0.00578551
0.0964497
0.00591875
0.0973639
0.00597033
0.00592099
0.0983231
0.0898172
0.00260141
0.0899934
0.00262575
0.0901755
0.00267446
0.0903669
0.00274755
0.0905714
0.0028448
0.0907929
0.00296581
0.0910358
0.00310982
0.0913047
0.00327559
0.0916048
0.00346122
0.0919414
0.00366403
0.0923199
0.00388031
0.0927458
0.00410511
0.0932245
0.00433201
0.0937605
0.00455295
0.0943567
0.00475782
0.0950143
0.00493504
0.0957311
0.00507086
0.0965013
0.00515066
0.0973145
0.00515929
0.00508195
0.0981553
0.0898416
0.00240537
0.0900422
0.00242671
0.0902486
0.00246939
0.0904642
0.00253318
0.0906924
0.00261773
0.0909369
0.00272242
0.0912015
0.00284627
0.0914904
0.00298781
0.0918076
0.00314501
0.0921576
0.00331511
0.0925447
0.00349443
0.0929728
0.00367828
0.0934455
0.00386075
0.0939654
0.00403456
0.0945339
0.00419126
0.0951501
0.00432075
0.0958109
0.00441222
0.0965099
0.0044539
0.0972372
0.00443398
0.00434161
0.0979796
0.0898629
0.00218793
0.0900848
0.0022064
0.0903124
0.00224322
0.0905487
0.00229814
0.0907971
0.00237064
0.0910607
0.00245999
0.0913431
0.0025651
0.0916476
0.00268445
0.0919777
0.00281598
0.092337
0.00295701
0.0927285
0.00310406
0.0931552
0.00325283
0.0936193
0.00339805
0.0941221
0.00353345
0.0946634
0.00365166
0.0952416
0.00374463
0.0958526
0.00380331
0.09649
0.00381858
0.0971448
0.00378138
0.00368322
0.0978052
0.0898814
0.00195225
0.0901217
0.00196793
0.0903673
0.00199917
0.0906212
0.00204564
0.0908864
0.00210681
0.0911658
0.00218189
0.0914624
0.00226978
0.0917791
0.00236898
0.0921187
0.00247754
0.092484
0.00259293
0.0928773
0.00271203
0.0933004
0.00283099
0.0937547
0.00294524
0.0942403
0.00304938
0.0947564
0.00313743
0.0953003
0.00320256
0.0958679
0.00323778
0.0964528
0.00323578
0.0970466
0.00318952
0.0030928
0.0976393
0.089897
0.00170085
0.0901529
0.00171393
0.0904138
0.00173992
0.0906824
0.0017785
0.0909615
0.00182914
0.0912537
0.00189106
0.0915616
0.00196322
0.0918876
0.00204423
0.0922341
0.0021323
0.0926031
0.00222519
0.0929962
0.00232015
0.0934147
0.00241386
0.0938588
0.00250245
0.0943284
0.00258149
0.0948215
0.00264591
0.0953355
0.00269046
0.0958659
0.00270939
0.0964066
0.0026971
0.0969499
0.00264828
0.00255805
0.0974867
0.0899101
0.00143654
0.0901789
0.00144714
0.0904524
0.0014682
0.090733
0.00149939
0.0910234
0.00154024
0.0913259
0.00159004
0.0916426
0.00164786
0.0919757
0.00171245
0.092327
0.00178228
0.0926981
0.00185542
0.09309
0.00192953
0.0935033
0.00200188
0.0939379
0.00206926
0.0943928
0.00212806
0.0948661
0.00217435
0.0953544
0.0022038
0.0958536
0.00221212
0.0963577
0.00219496
0.0968597
0.00214823
0.00206848
0.0973514
0.0899207
0.00116159
0.0902
0.0011699
0.0904835
0.00118634
0.0907739
0.00121066
0.0910732
0.00124242
0.0913837
0.00128105
0.0917072
0.00132574
0.0920455
0.00137547
0.0924002
0.00142897
0.0927722
0.00148466
0.0931623
0.00154068
0.0935706
0.00159483
0.0939967
0.00164459
0.0944391
0.00168717
0.0948955
0.00171945
0.0953628
0.00173826
0.0958364
0.00174026
0.096311
0.00172223
0.0967799
0.00168125
0.00161467
0.0972358
0.089929
0.000878442
0.0902164
0.000884563
0.0905079
0.000896658
0.0908057
0.000914498
0.0911119
0.000937767
0.0914284
0.000966001
0.091757
0.000998585
0.092099
0.00103473
0.0924559
0.00107346
0.0928282
0.00111359
0.0932164
0.0011537
0.0936204
0.00119215
0.0940393
0.00122709
0.0944714
0.00125644
0.0949143
0.00127801
0.0953648
0.0012894
0.0958184
0.00128831
0.09627
0.00127245
0.0967134
0.0012397
0.00118835
0.0971417
0.0899351
0.000589128
0.0902285
0.000593227
0.0905257
0.000601188
0.0908289
0.000612895
0.0911401
0.000628131
0.091461
0.00064659
0.0917931
0.000667855
0.0921378
0.00069139
0.092496
0.000716536
0.0928683
0.000742495
0.0932549
0.000768325
0.0936553
0.000792939
0.0940686
0.000815111
0.0944929
0.000833495
0.0949257
0.000846609
0.0953637
0.00085298
0.0958025
0.000851067
0.0962373
0.000839419
0.096662
0.000816758
0.000781964
0.0970703
0.0899392
0.000295738
0.0902365
0.000298027
0.0905374
0.000301966
0.0908442
0.000307744
0.0911586
0.000315265
0.0914822
0.00032437
0.0918166
0.000334849
0.0921629
0.000346434
0.0925219
0.000358792
0.0928941
0.000371523
0.0932795
0.000384157
0.0936775
0.000396156
0.094087
0.00040691
0.094506
0.000415742
0.0949321
0.000421957
0.0953618
0.000424784
0.0957909
0.000423488
0.0962146
0.000417393
0.0966272
0.000405888
0.000388581
0.0970225
0.0899415
0.0902404
0.0905432
0.0908517
0.0911677
0.0914927
0.0918282
0.0921753
0.0925347
0.0929068
0.0932915
0.0936883
0.0940958
0.0945123
0.0949349
0.0953605
0.0957848
0.0962031
0.0966099
0.0969995
0.0940988
-0.0418149
0.0944332
-0.0381888
0.0947978
-0.0341572
0.0951125
-0.0301044
0.095367
-0.0258739
0.0955663
-0.0214472
0.0957161
-0.0168496
0.0958206
-0.012117
0.0958819
-0.00728824
-0.00240212
0.0960528
-0.0413579
0.0956654
-0.0378011
0.0953
-0.0337911
0.0948897
-0.0296936
0.0945019
-0.0254854
0.0941764
-0.0211212
0.0939264
-0.0165991
0.0937519
-0.0119423
0.0936491
-0.00718534
-0.00236744
0.0966199
-0.0402011
0.0956205
-0.0368011
0.0948482
-0.0330184
0.0941358
-0.0289807
0.0934649
-0.0248141
0.0928714
-0.0205271
0.0923885
-0.0161158
0.0920358
-0.0115894
0.091822
-0.00697156
-0.00229556
0.0967844
-0.03865
0.0953891
-0.0354053
0.0942393
-0.0318681
0.0932637
-0.0280048
0.0924033
-0.0239534
0.0916538
-0.0197774
0.0910377
-0.0154995
0.0905799
-0.0111315
0.0902984
-0.00669018
-0.00220074
0.0967646
-0.0368506
0.0951169
-0.0337572
0.0936799
-0.030431
0.0924613
-0.026786
0.0914264
-0.0229184
0.0905552
-0.0189062
0.0898511
-0.0147954
0.0893302
-0.0106106
0.0890098
-0.00636986
-0.00209289
0.0966368
-0.0348648
0.0948105
-0.0319306
0.0931759
-0.0287962
0.0917666
-0.0253765
0.090579
-0.0217308
0.0896
-0.0179272
0.0888246
-0.01402
0.0882586
-0.0100448
0.0879131
-0.00602456
-0.0019773
0.0964455
-0.0327318
0.0944841
-0.0299685
0.0927117
-0.0270235
0.0911645
-0.0238292
0.0898562
-0.0204226
0.0887855
-0.0168564
0.0879481
-0.0131827
0.0873445
-0.00944147
0.0869793
-0.00565971
-0.00185596
0.0962206
-0.0304814
0.0941537
-0.0279008
0.0922819
-0.0251512
0.0906369
-0.022184
0.0892388
-0.0190245
0.0880949
-0.0157126
0.087205
-0.0122931
0.0865683
-0.0088052
0.0861857
-0.00527758
-0.00172963
0.0959814
-0.0281384
0.0938323
-0.0257505
0.0918866
-0.0232049
0.0901718
-0.0204688
0.0887086
-0.0175613
0.0875089
-0.014513
0.0865763
-0.011361
0.0859112
-0.00814059
0.0855129
-0.00487989
-0.00159861
0.0957416
-0.0257229
0.0935284
-0.0235361
0.0915273
-0.021203
0.0897618
-0.0187029
0.0882516
-0.0160511
0.0870104
-0.0132719
0.0860444
-0.0103955
0.0853556
-0.00745247
0.0849438
-0.00446861
-0.00146344
0.0955099
-0.0232515
0.0932476
-0.0212724
0.0912046
-0.0191592
0.0894019
-0.0168997
0.0878578
-0.0145069
0.0865859
-0.0120003
0.0855944
-0.00940461
0.0848867
-0.00674544
0.0844636
-0.00404595
-0.00132471
0.0952929
-0.0207373
0.0929931
-0.0189711
0.0909186
-0.0170838
0.0890884
-0.015069
0.0875194
-0.0129378
0.0862251
-0.0107063
0.0852144
-0.00839441
0.0844919
-0.00602364
0.0840597
-0.00361409
-0.00118307
0.0950947
-0.018191
0.0927667
-0.0166416
0.0906686
-0.0149847
0.0888181
-0.0132178
0.0872308
-0.0113504
0.08592
-0.00939562
0.0848948
-0.00736973
0.0841611
-0.00529047
0.0837217
-0.00317508
-0.00103916
0.0949185
-0.0156208
0.0925695
-0.0142911
0.0904539
-0.012868
0.0885882
-0.0113514
0.0869874
-0.00974936
0.0856643
-0.00807256
0.0846283
-0.00633413
0.0838862
-0.00454861
0.0834413
-0.00273053
-0.000893567
0.094766
-0.0130337
0.0924019
-0.0119253
0.0902733
-0.0107383
0.0883964
-0.00947378
0.0867855
-0.0081382
0.0854533
-0.00674023
0.0844092
-0.00529031
0.0836606
-0.00380015
0.0832115
-0.00228173
-0.000746692
0.0946387
-0.0104347
0.0922637
-0.00954885
0.0901258
-0.00859935
0.0882407
-0.00758783
0.0866223
-0.00651944
0.0852831
-0.00540089
0.0842329
-0.00424025
0.0834793
-0.00304666
0.083027
-0.00182968
-0.000598799
0.0945371
-0.00782844
0.0921551
-0.00716525
0.0900107
-0.00645388
0.0881196
-0.00569586
0.0864955
-0.00489498
0.085151
-0.00405617
0.0840961
-0.00318533
0.0833386
-0.00228926
0.0828838
-0.00137509
-0.000450099
0.0944619
-0.0052183
0.0920757
-0.00477744
0.089927
-0.00430417
0.0880317
-0.0037996
0.0864034
-0.00326623
0.0850548
-0.00270724
0.083996
-0.00212658
0.0832355
-0.00152869
0.0827785
-0.000918437
-0.000300709
0.0944134
-0.00260741
0.0920254
-0.00238796
0.0898744
-0.00215215
0.0879762
-0.00190051
0.0863448
-0.00163426
0.0849929
-0.00135498
0.083931
-0.00106464
0.0831678
-0.0007655
0.0827091
-0.000459994
-0.000150675
0.0943928
0.0920055
0.0898538
0.0879536
0.0863194
0.0849646
0.0838998
0.0831343
0.082674
0.069826
-0.000458979
0.0701207
-0.000294257
0.0703136
-0.000192316
0.0704412
-0.000127222
0.0705261
-8.4733e-05
0.0705831
-5.68088e-05
0.0706212
-3.80987e-05
0.070647
-2.57329e-05
0.0706642
-1.7268e-05
0.070676
-1.17487e-05
0.0706837
-7.83941e-06
0.0706892
-5.39857e-06
0.0706926
-3.54517e-06
0.0706951
-2.50355e-06
0.0706966
-1.58526e-06
0.0706978
-1.18268e-06
0.0706984
-6.91675e-07
0.0706991
-5.81327e-07
0.0706992
-2.85673e-07
0.0706996
-3.0851e-07
0.0706996
-1.01917e-07
0.0706999
-1.85154e-07
0.0706997
-1.84408e-08
0.0707
-1.28679e-07
0.0706999
2.07522e-08
0.0707001
-1.01515e-07
0.0706999
4.10641e-08
0.0707002
-8.65378e-08
0.0707
5.31008e-08
0.0707002
-7.72148e-08
0.0707001
6.02748e-08
0.0707003
-7.1467e-08
0.0707001
6.32482e-08
0.0707003
-6.90675e-08
0.0707001
6.14146e-08
0.0707003
-7.42226e-08
0.0707001
5.53738e-08
0.0707002
-6.35465e-08
0.0707001
8.2989e-09
9.06129e-09
0.0698344
-0.000911201
0.0701259
-0.000584945
0.0703169
-0.000382589
0.0704434
-0.000253189
0.0705276
-0.00016874
0.070584
-0.000113087
0.0706218
-7.59572e-05
0.0706474
-5.12118e-05
0.0706644
-3.45004e-05
0.0706762
-2.33518e-05
0.0706838
-1.57345e-05
0.0706893
-1.06953e-05
0.0706926
-7.18852e-06
0.0706952
-4.92232e-06
0.0706966
-3.2868e-06
0.0706979
-2.28448e-06
0.0706984
-1.50306e-06
0.0706991
-1.07723e-06
0.0706992
-6.85534e-07
0.0706996
-5.22282e-07
0.0706996
-3.08126e-07
0.0706999
-2.64562e-07
0.0706997
-1.31292e-07
0.0707
-1.4266e-07
0.0706999
-4.66309e-08
0.0707001
-8.40895e-08
0.0706999
-5.91494e-09
0.0707002
-5.65676e-08
0.0707
1.20474e-08
0.0707002
-4.58942e-08
0.0707
1.68162e-08
0.0707003
-4.47323e-08
0.0707001
1.44963e-08
0.0707003
-4.76399e-08
0.0707001
9.67821e-09
0.0707003
-5.3646e-08
0.0707001
5.60443e-09
0.0707002
-3.87619e-08
0.0707001
-2.11261e-08
1.13578e-08
0.0698511
-0.00135145
0.0701362
-0.000869379
0.0703235
-0.000569224
0.0704477
-0.000376907
0.0705304
-0.000251308
0.0705859
-0.000168431
0.0706231
-0.00011319
0.0706483
-7.62834e-05
0.070665
-5.14459e-05
0.0706766
-3.47754e-05
0.0706841
-2.34908e-05
0.0706894
-1.59146e-05
0.0706927
-1.07593e-05
0.0706953
-7.31032e-06
0.0706966
-4.94569e-06
0.0706979
-3.37718e-06
0.0706984
-2.28586e-06
0.0706991
-1.57465e-06
0.0706992
-1.06402e-06
0.0706996
-7.43331e-07
0.0706996
-4.9728e-07
0.0706999
-3.54871e-07
0.0706997
-2.2993e-07
0.0707
-1.69921e-07
0.0706999
-1.01632e-07
0.0707001
-8.1342e-08
0.0706999
-4.12734e-08
0.0707002
-4.16208e-08
0.0707
-1.71541e-08
0.0707002
-2.90239e-08
0.0707
-1.37664e-08
0.0707003
-3.12493e-08
0.0707001
-2.01803e-08
0.0707003
-3.8301e-08
0.0707001
-2.73358e-08
0.0707003
-4.47768e-08
0.0707001
-2.97178e-08
0.0707002
-2.71804e-08
0.0707001
-3.94519e-08
9.88952e-09
0.0698758
-0.00177443
0.0701516
-0.00114456
0.0703334
-0.000750404
0.0704541
-0.00049724
0.0705347
-0.000331711
0.0705888
-0.000222368
0.070625
-0.000149488
0.0706495
-0.00010074
0.0706659
-6.79707e-05
0.0706771
-4.5925e-05
0.0706845
-3.10512e-05
0.0706897
-2.10122e-05
0.0706929
-1.42348e-05
0.0706954
-9.64562e-06
0.0706967
-6.55499e-06
0.070698
-4.44883e-06
0.0706984
-3.04009e-06
0.0706991
-2.06591e-06
0.0706992
-1.42406e-06
0.0706996
-9.65633e-07
0.0706996
-6.73281e-07
0.0706999
-4.50479e-07
0.0706997
-3.18424e-07
0.0707
-2.04824e-07
0.0706999
-1.48227e-07
0.0707001
-8.75278e-08
0.0706999
-6.89861e-08
0.0707002
-3.60135e-08
0.0707
-3.86761e-08
0.0707002
-2.11908e-08
0.0707
-3.60382e-08
0.0707003
-2.60258e-08
0.0707001
-4.5749e-08
0.0707003
-3.64285e-08
0.0707001
-5.47931e-08
0.0707003
-4.31176e-08
0.0707001
-5.55752e-08
0.0707002
-2.34436e-08
0.0707001
-5.12103e-08
6.92559e-09
0.0699081
-0.0021757
0.0701718
-0.00140775
0.0703463
-0.00092445
0.0704626
-0.000613133
0.0705403
-0.000409271
0.0705925
-0.000274452
0.0706275
-0.000184561
0.0706512
-0.000124384
0.070667
-8.3947e-05
0.0706779
-5.67114e-05
0.070685
-3.83603e-05
0.07069
-2.59463e-05
0.0706931
-1.75923e-05
0.0706956
-1.19079e-05
0.0706968
-8.10657e-06
0.070698
-5.4887e-06
0.0706985
-3.76433e-06
0.0706992
-2.54452e-06
0.0706992
-1.76711e-06
0.0706997
-1.18443e-06
0.0706996
-8.38689e-07
0.0706999
-5.47198e-07
0.0706997
-3.99638e-07
0.0707
-2.43278e-07
0.0706999
-1.89297e-07
0.0707001
-9.85311e-08
0.0706999
-9.19672e-08
0.0707002
-3.56898e-08
0.0707
-5.55843e-08
0.0707002
-1.85368e-08
0.0707
-5.33557e-08
0.0707003
-2.5514e-08
0.0707001
-6.58664e-08
0.0707003
-3.87569e-08
0.0707001
-7.65061e-08
0.0707003
-4.54959e-08
0.0707001
-7.57045e-08
0.0707002
-2.40123e-08
0.0707001
-5.94915e-08
3.70551e-09
0.0699474
-0.00255141
0.0701965
-0.00165641
0.0703623
-0.00108975
0.070473
-0.000723549
0.0705472
-0.000483316
0.0705971
-0.000324243
0.0706305
-0.000218118
0.0706533
-0.000147021
0.0706684
-9.92469e-05
0.0706788
-6.70455e-05
0.0706856
-4.53618e-05
0.0706905
-3.06755e-05
0.0706934
-2.08078e-05
0.0706957
-1.4077e-05
0.070697
-9.59132e-06
0.0706981
-6.48638e-06
0.0706986
-4.45607e-06
0.0706992
-3.00438e-06
0.0706993
-2.09357e-06
0.0706997
-1.39544e-06
0.0706996
-9.95083e-07
0.0706999
-6.41451e-07
0.0706998
-4.75596e-07
0.0707
-2.81953e-07
0.0706999
-2.27017e-07
0.0707001
-1.11107e-07
0.0706999
-1.12485e-07
0.0707002
-3.74916e-08
0.0707
-7.02637e-08
0.0707002
-1.80327e-08
0.0707
-6.82588e-08
0.0707003
-2.68477e-08
0.0707001
-8.32034e-08
0.0707003
-4.25593e-08
0.0707001
-9.51975e-08
0.0707003
-4.91735e-08
0.0707001
-9.26627e-08
0.0707002
-2.62639e-08
0.0707001
-6.59609e-08
8.45243e-10
0.0699932
-0.00289847
0.0702256
-0.00188833
0.070381
-0.00124486
0.0704853
-0.000827563
0.0705553
-0.000553241
0.0706025
-0.000371338
0.0706342
-0.000249893
0.0706557
-0.000168472
0.07067
-0.000113752
0.07068
-7.6846e-05
0.0706864
-5.20027e-05
0.070691
-3.51621e-05
0.0706938
-2.3858e-05
0.070696
-1.61352e-05
0.0706971
-1.09995e-05
0.0706982
-7.43314e-06
0.0706986
-5.11171e-06
0.0706992
-3.44082e-06
0.0706993
-2.40264e-06
0.0706997
-1.59582e-06
0.0706996
-1.14287e-06
0.0706999
-7.31166e-07
0.0706998
-5.47187e-07
0.0707
-3.19065e-07
0.0706999
-2.62455e-07
0.0707001
-1.23575e-07
0.0706999
-1.31692e-07
0.0707002
-3.9802e-08
0.0707
-8.39525e-08
0.0707002
-1.81478e-08
0.0707
-8.20999e-08
0.0707003
-2.86166e-08
0.0707001
-9.92303e-08
0.0707003
-4.6541e-08
0.0707001
-1.12404e-07
0.0707003
-5.29067e-08
0.0707001
-1.07983e-07
0.0707002
-2.88763e-08
0.0707001
-7.16533e-08
-1.45962e-09
0.0700449
-0.00321399
0.0702585
-0.00210153
0.0704024
-0.00138846
0.0704994
-0.000924282
0.0705646
-0.000618454
0.0706088
-0.000415345
0.0706383
-0.000279624
0.0706585
-0.000188559
0.0706719
-0.000127344
0.0706812
-8.60324e-05
0.0706872
-5.823e-05
0.0706916
-3.93693e-05
0.0706942
-2.67192e-05
0.0706962
-1.80653e-05
0.0706973
-1.23206e-05
0.0706983
-8.32067e-06
0.0706987
-5.72687e-06
0.0706993
-3.84959e-06
0.0706993
-2.69267e-06
0.0706997
-1.78315e-06
0.0706996
-1.28164e-06
0.0706999
-8.14741e-07
0.0706998
-6.14567e-07
0.0707
-3.53388e-07
0.0706999
-2.96022e-07
0.0707001
-1.34879e-07
0.0707
-1.50119e-07
0.0707002
-4.16432e-08
0.0707
-9.72257e-08
0.0707002
-1.79309e-08
0.0707001
-9.54617e-08
0.0707003
-2.98714e-08
0.0707001
-1.14516e-07
0.0707003
-4.97505e-08
0.0707001
-1.28688e-07
0.0707003
-5.57344e-08
0.0707001
-1.22165e-07
0.0707002
-3.10233e-08
0.0707001
-7.67423e-08
-3.19204e-09
0.0701019
-0.00349584
0.070295
-0.00229436
0.0704262
-0.00151939
0.070515
-0.00101294
0.070575
-0.000678446
0.0706157
-0.00045592
0.070643
-0.000307081
0.0706617
-0.000207128
0.070674
-0.000139918
0.0706826
-9.45341e-05
0.0706882
-6.39961e-05
0.0706922
-4.32646e-05
0.0706946
-2.93698e-05
0.0706965
-1.98523e-05
0.0706975
-1.3545e-05
0.0706985
-9.14194e-06
0.0706988
-6.29737e-06
0.0706993
-4.22733e-06
0.0706994
-2.96197e-06
0.0706997
-1.95576e-06
0.0706997
-1.41082e-06
0.0706999
-8.91253e-07
0.0706998
-6.77669e-07
0.0707
-3.84321e-07
0.0706999
-3.27859e-07
0.0707001
-1.44549e-07
0.0707
-1.67996e-07
0.0707002
-4.26047e-08
0.0707
-1.10371e-07
0.0707002
-1.70177e-08
0.0707001
-1.08687e-07
0.0707003
-3.03033e-08
0.0707001
-1.29461e-07
0.0707003
-5.1935e-08
0.0707001
-1.44489e-07
0.0707003
-5.74452e-08
0.0707001
-1.35672e-07
0.0707002
-3.24849e-08
0.0707001
-8.1446e-08
-4.46372e-09
0.0701634
-0.00374229
0.0703347
-0.00246541
0.0704521
-0.00163664
0.0705322
-0.00109283
0.0705864
-0.000732726
0.0706233
-0.000492733
0.0706481
-0.000332036
0.0706651
-0.000224027
0.0706764
-0.000151369
0.0706842
-0.000102283
0.0706892
-6.92504e-05
0.0706929
-4.68178e-05
0.0706951
-3.17844e-05
0.0706969
-2.14835e-05
0.0706977
-1.46586e-05
0.0706986
-9.89248e-06
0.0706989
-6.81438e-06
0.0706994
-4.57338e-06
0.0706994
-3.20425e-06
0.0706998
-2.11488e-06
0.0706997
-1.52553e-06
0.0706999
-9.63056e-07
0.0706998
-7.32453e-07
0.0707
-4.14941e-07
0.0706999
-3.54493e-07
0.0707001
-1.56119e-07
0.0707
-1.8215e-07
0.0707002
-4.64158e-08
0.0707
-1.20244e-07
0.0707002
-1.9067e-08
0.0707001
-1.18425e-07
0.0707003
-3.32899e-08
0.0707001
-1.40401e-07
0.0707003
-5.61312e-08
0.0707001
-1.55892e-07
0.0707003
-6.08333e-08
0.0707001
-1.44518e-07
0.0707002
-3.63477e-08
0.0707001
-8.22556e-08
-7.62446e-09
0.0890448
-0.00400254
0.089229
-0.00264944
0.0893568
-0.00176446
0.0894448
-0.0011807
0.0895047
-0.000792746
0.0895457
-0.000533616
0.0895733
-0.000359787
0.0895922
-0.000242881
0.0896047
-0.00016412
0.0896135
-0.000110953
0.0896191
-7.50888e-05
0.0896232
-5.0807e-05
0.0896256
-3.44487e-05
0.0896276
-2.33262e-05
0.0896286
-1.5868e-05
0.0896296
-1.0752e-05
0.0896299
-7.35738e-06
0.0896304
-4.98288e-06
0.0896305
-3.44223e-06
0.0896308
-2.31835e-06
0.0896307
-1.62384e-06
0.089631
-1.07214e-06
0.0896309
-7.66748e-07
0.0896311
-4.80765e-07
0.089631
-3.59377e-07
0.0896312
-2.02176e-07
0.089631
-1.73622e-07
0.0896313
-8.36267e-08
0.0896311
-1.05789e-07
0.0896314
-5.2517e-08
0.0896312
-1.0165e-07
0.0896314
-6.5216e-08
0.0896312
-1.22779e-07
0.0896314
-8.7082e-08
0.0896312
-1.37889e-07
0.0896314
-9.17646e-08
0.0896312
-1.27022e-07
0.0896314
-6.19684e-08
0.0896313
-7.38233e-08
-1.30719e-08
0.0891561
-0.00420219
0.0893018
-0.00279498
0.0894049
-0.00186755
0.0894767
-0.00125248
0.0895261
-0.000842199
0.08956
-0.000567479
0.0895829
-0.000382876
0.0895987
-0.000258592
0.0896091
-0.000174784
0.0896165
-0.000118194
0.0896211
-7.99909e-05
0.0896246
-5.41373e-05
0.0896265
-3.66979e-05
0.0896282
-2.48595e-05
0.089629
-1.68992e-05
0.0896299
-1.14609e-05
0.0896301
-7.82973e-06
0.0896306
-5.31336e-06
0.0896305
-3.65784e-06
0.0896309
-2.47471e-06
0.0896308
-1.72104e-06
0.089631
-1.14798e-06
0.0896309
-8.09087e-07
0.0896311
-5.19287e-07
0.089631
-3.76388e-07
0.0896312
-2.23704e-07
0.0896311
-1.79437e-07
0.0896313
-9.80781e-08
0.0896311
-1.0736e-07
0.0896314
-6.47459e-08
0.0896312
-1.02269e-07
0.0896314
-7.72479e-08
0.0896312
-1.23456e-07
0.0896314
-9.90638e-08
0.0896312
-1.38239e-07
0.0896314
-1.02854e-07
0.0896312
-1.25909e-07
0.0896314
-7.12715e-08
0.0896313
-7.11862e-08
-1.64708e-08
0.0892719
-0.00434075
0.0893781
-0.00290117
0.0894555
-0.00194507
0.0895105
-0.00130748
0.0895487
-0.000880567
0.0895752
-0.000593961
0.0895931
-0.00040103
0.0896056
-0.000270989
0.0896138
-0.000183219
0.0896196
-0.00012393
0.0896232
-8.38786e-05
0.089626
-5.67801e-05
0.0896275
-3.84836e-05
0.0896289
-2.60769e-05
0.0896294
-1.77181e-05
0.0896302
-1.20235e-05
0.0896303
-8.20479e-06
0.0896307
-5.57534e-06
0.0896306
-3.82896e-06
0.0896309
-2.59842e-06
0.0896308
-1.7982e-06
0.0896311
-1.20785e-06
0.0896309
-8.4283e-07
0.0896312
-5.49685e-07
0.089631
-3.90182e-07
0.0896312
-2.40758e-07
0.0896311
-1.84468e-07
0.0896313
-1.09603e-07
0.0896311
-1.09066e-07
0.0896314
-7.44941e-08
0.0896312
-1.03153e-07
0.0896314
-8.67177e-08
0.0896312
-1.24214e-07
0.0896314
-1.08294e-07
0.0896312
-1.38535e-07
0.0896314
-1.11207e-07
0.0896312
-1.24923e-07
0.0896314
-7.81089e-08
0.0896313
-6.936e-08
-1.85154e-08
0.0893904
-0.00441851
0.0894568
-0.00296762
0.0895079
-0.00199644
0.0895456
-0.00134518
0.0895723
-0.000907411
0.0895911
-0.000612738
0.0896038
-0.000414015
0.0896128
-0.000279907
0.0896186
-0.00018931
0.0896229
-0.000128083
0.0896255
-8.66988e-05
0.0896275
-5.86991e-05
0.0896285
-3.97814e-05
0.0896296
-2.69616e-05
0.0896299
-1.83135e-05
0.0896305
-1.24321e-05
0.0896305
-8.4772e-06
0.0896308
-5.76518e-06
0.0896307
-3.95295e-06
0.089631
-2.68768e-06
0.0896309
-1.85394e-06
0.0896311
-1.25085e-06
0.0896309
-8.67217e-07
0.0896312
-5.71489e-07
0.089631
-4.00295e-07
0.0896312
-2.5307e-07
0.0896311
-1.88364e-07
0.0896313
-1.17982e-07
0.0896311
-1.10533e-07
0.0896314
-8.14831e-08
0.0896312
-1.0382e-07
0.0896314
-9.32302e-08
0.0896312
-1.24459e-07
0.0896314
-1.14289e-07
0.0896312
-1.38138e-07
0.0896314
-1.16349e-07
0.0896312
-1.23524e-07
0.0896314
-8.21108e-08
0.0896313
-6.78825e-08
-1.93939e-08
0.0895098
-0.00443706
0.0895367
-0.00299471
0.0895615
-0.00202161
0.0895816
-0.00136538
0.0895965
-0.000922546
0.0896074
-0.000623653
0.0896149
-0.000421712
0.0896203
-0.00028526
0.0896237
-0.000192997
0.0896263
-0.000130611
0.0896278
-8.84212e-05
0.0896291
-5.98738e-05
0.0896296
-4.0577e-05
0.0896303
-2.75044e-05
0.0896304
-1.86787e-05
0.0896308
-1.26827e-05
0.0896307
-8.64392e-06
0.089631
-5.88122e-06
0.0896308
-4.02848e-06
0.0896311
-2.742e-06
0.0896309
-1.88768e-06
0.0896311
-1.27695e-06
0.089631
-8.81946e-07
0.0896312
-5.84847e-07
0.089631
-4.06531e-07
0.0896312
-2.60844e-07
0.0896311
-1.90982e-07
0.0896313
-1.23481e-07
0.0896311
-1.11709e-07
0.0896314
-8.60832e-08
0.0896312
-1.04355e-07
0.0896314
-9.73043e-08
0.0896312
-1.2442e-07
0.0896314
-1.17692e-07
0.0896312
-1.37357e-07
0.0896314
-1.18952e-07
0.0896312
-1.2198e-07
0.0896314
-8.3887e-08
0.0896313
-6.67597e-08
-1.95066e-08
0.0896285
-0.00439855
0.0896168
-0.00298322
0.0896155
-0.00202074
0.0896181
-0.00136803
0.0896211
-0.000925854
0.089624
-0.000626589
0.0896261
-0.000424024
0.0896278
-0.000286974
0.0896288
-0.000194227
0.0896298
-0.000131475
0.0896301
-8.90203e-05
0.0896306
-6.02867e-05
0.0896307
-4.08583e-05
0.089631
-2.76969e-05
0.0896309
-1.88081e-05
0.0896311
-1.27713e-05
0.0896309
-8.70228e-06
0.0896312
-5.92158e-06
0.089631
-4.05416e-06
0.0896312
-2.76038e-06
0.089631
-1.89866e-06
0.0896312
-1.28559e-06
0.089631
-8.86559e-07
0.0896312
-5.89411e-07
0.089631
-4.08577e-07
0.0896313
-2.63835e-07
0.0896311
-1.92053e-07
0.0896313
-1.25856e-07
0.0896311
-1.12275e-07
0.0896314
-8.79791e-08
0.0896312
-1.04333e-07
0.0896314
-9.85145e-08
0.0896312
-1.23569e-07
0.0896314
-1.18002e-07
0.0896312
-1.35641e-07
0.0896314
-1.18524e-07
0.0896312
-1.19793e-07
0.0896314
-8.31595e-08
0.0896313
-6.55574e-08
-1.88713e-08
0.089745
-0.00430611
0.089696
-0.00293457
0.0896692
-0.00199449
0.0896545
-0.00135343
0.0896457
-0.000917462
0.0896407
-0.0006216
0.0896374
-0.000420972
0.0896355
-0.000285057
0.089634
-0.000193
0.0896333
-0.000130676
0.0896325
-8.84942e-05
0.0896322
-5.99364e-05
0.0896318
-4.0624e-05
0.0896317
-2.75386e-05
0.0896314
-1.87009e-05
0.0896315
-1.26978e-05
0.0896312
-8.65194e-06
0.0896313
-5.88651e-06
0.0896311
-4.02991e-06
0.0896312
-2.74321e-06
0.089631
-1.88683e-06
0.0896312
-1.27718e-06
0.089631
-8.8101e-07
0.0896312
-5.85561e-07
0.089631
-4.06349e-07
0.0896313
-2.62389e-07
0.0896311
-1.91492e-07
0.0896313
-1.2548e-07
0.0896311
-1.12216e-07
0.0896314
-8.76422e-08
0.0896312
-1.03876e-07
0.0896314
-9.74819e-08
0.0896312
-1.22175e-07
0.0896314
-1.15964e-07
0.0896312
-1.3333e-07
0.0896314
-1.1583e-07
0.0896312
-1.17257e-07
0.0896314
-8.05572e-08
0.0896313
-6.43886e-08
-1.77309e-08
0.0898578
-0.00416312
0.0897733
-0.00285043
0.089722
-0.00194367
0.0896904
-0.00132196
0.0896701
-0.000897553
0.0896572
-0.000608772
0.0896486
-0.000412599
0.0896431
-0.000279529
0.0896391
-0.000189327
0.0896367
-0.000128218
0.0896348
-8.68462e-05
0.0896338
-5.88248e-05
0.0896328
-3.98751e-05
0.0896325
-2.70302e-05
0.0896319
-1.83575e-05
0.0896318
-1.24626e-05
0.0896314
-8.49296e-06
0.0896315
-5.77608e-06
0.0896312
-3.95558e-06
0.0896313
-2.69045e-06
0.0896311
-1.852e-06
0.0896312
-1.25163e-06
0.089631
-8.65076e-07
0.0896312
-5.73202e-07
0.089631
-3.99623e-07
0.0896313
-2.56408e-07
0.0896311
-1.89048e-07
0.0896313
-1.22215e-07
0.0896311
-1.1121e-07
0.0896314
-8.48508e-08
0.0896312
-1.02555e-07
0.0896314
-9.38815e-08
0.0896312
-1.19719e-07
0.0896314
-1.11189e-07
0.0896312
-1.29896e-07
0.0896314
-1.105e-07
0.0896312
-1.13902e-07
0.0896314
-7.58903e-08
0.0896313
-6.28882e-08
-1.60632e-08
0.0899658
-0.00397363
0.089848
-0.00273297
0.0897732
-0.00186948
0.0897253
-0.00127431
0.0896938
-0.000866536
0.0896734
-0.000588354
0.0896595
-0.000399056
0.0896505
-0.000270487
0.0896441
-0.00018327
0.0896401
-0.000124142
0.0896371
-8.41025e-05
0.0896354
-5.69696e-05
0.0896339
-3.86234e-05
0.0896332
-2.61797e-05
0.0896324
-1.77832e-05
0.0896321
-1.20696e-05
0.0896316
-8.22781e-06
0.0896316
-5.59229e-06
0.0896313
-3.83241e-06
0.0896314
-2.60324e-06
0.0896311
-1.79481e-06
0.0896313
-1.20966e-06
0.0896311
-8.39074e-07
0.0896312
-5.52818e-07
0.0896311
-3.88544e-07
0.0896313
-2.46255e-07
0.0896311
-1.84806e-07
0.0896313
-1.16415e-07
0.0896311
-1.09392e-07
0.0896314
-8.00478e-08
0.0896312
-1.00633e-07
0.0896314
-8.82973e-08
0.0896312
-1.16603e-07
0.0896314
-1.04372e-07
0.0896312
-1.25798e-07
0.0896314
-1.03239e-07
0.0896312
-1.10129e-07
0.0896314
-6.96861e-08
0.0896313
-6.1289e-08
-1.40057e-08
0.0900679
-0.00374166
0.089919
-0.00258448
0.0898221
-0.00177324
0.0897588
-0.00121124
0.0897167
-0.000824861
0.0896889
-0.00056062
0.0896701
-0.000380517
0.0896577
-0.000258041
0.089649
-0.000174901
0.0896434
-0.000118496
0.0896394
-8.02947e-05
0.0896369
-5.43921e-05
0.0896349
-3.68828e-05
0.0896339
-2.49969e-05
0.0896328
-1.69843e-05
0.0896324
-1.1523e-05
0.0896318
-7.85924e-06
0.0896318
-5.33714e-06
0.0896314
-3.66152e-06
0.0896314
-2.48249e-06
0.0896312
-1.7156e-06
0.0896313
-1.15167e-06
0.0896311
-8.03017e-07
0.0896313
-5.24584e-07
0.0896311
-3.72974e-07
0.0896313
-2.32004e-07
0.0896311
-1.78538e-07
0.0896313
-1.08073e-07
0.0896311
-1.06444e-07
0.0896314
-7.31367e-08
0.0896312
-9.76931e-08
0.0896314
-8.05392e-08
0.0896312
-1.12335e-07
0.0896314
-9.52735e-08
0.0896312
-1.20542e-07
0.0896314
-9.38313e-08
0.0896312
-1.05498e-07
0.0896314
-6.18664e-08
0.0896313
-5.92597e-08
-1.15588e-08
0.0901632
-0.0034716
0.0899858
-0.00240759
0.0898684
-0.00165655
0.0897906
-0.00113378
0.0897385
-0.000773178
0.0897038
-0.000525989
0.0896802
-0.000357255
0.0896645
-0.000242372
0.0896536
-0.000164338
0.0896466
-0.000111359
0.0896415
-7.54758e-05
0.0896383
-5.11279e-05
0.0896359
-3.46775e-05
0.0896345
-2.34979e-05
0.0896333
-1.59718e-05
0.0896327
-1.08306e-05
0.089632
-7.39246e-06
0.0896319
-5.01429e-06
0.0896315
-3.44543e-06
0.0896315
-2.33002e-06
0.0896312
-1.61568e-06
0.0896313
-1.07863e-06
0.0896311
-7.57603e-07
0.0896313
-4.89035e-07
0.0896311
-3.53314e-07
0.0896313
-2.13988e-07
0.0896311
-1.70532e-07
0.0896313
-9.7477e-08
0.0896311
-1.02679e-07
0.0896313
-6.44739e-08
0.0896312
-9.41566e-08
0.0896314
-7.10876e-08
0.0896312
-1.07456e-07
0.0896314
-8.44679e-08
0.0896312
-1.14708e-07
0.0896314
-8.28469e-08
0.0896312
-1.00523e-07
0.0896314
-5.28028e-08
0.0896313
-5.71197e-08
-8.77306e-09
0.0902507
-0.00316763
0.0900476
-0.00220495
0.0899114
-0.00152109
0.0898203
-0.00104296
0.0897588
-0.000712165
0.0897176
-0.000484904
0.0896896
-0.00032956
0.0896709
-0.000223672
0.089658
-0.000151711
0.0896495
-0.000102818
0.0896435
-6.97036e-05
0.0896397
-4.72164e-05
0.0896368
-3.20335e-05
0.0896351
-2.17009e-05
0.0896337
-1.47575e-05
0.089633
-1.00006e-05
0.0896322
-6.8327e-06
0.089632
-4.62761e-06
0.0896316
-3.18636e-06
0.0896316
-2.14767e-06
0.0896312
-1.49587e-06
0.0896313
-9.91434e-07
0.0896311
-7.03025e-07
0.0896313
-4.46652e-07
0.0896311
-3.29473e-07
0.0896313
-1.92498e-07
0.0896311
-1.6055e-07
0.0896313
-8.48044e-08
0.0896311
-9.77546e-08
0.0896313
-5.41464e-08
0.0896312
-8.95886e-08
0.0896314
-5.99466e-08
0.0896312
-1.01471e-07
0.0896314
-7.19213e-08
0.0896312
-1.07804e-07
0.0896314
-7.02756e-08
0.0896312
-9.47613e-08
0.0896314
-4.25714e-08
0.0896313
-5.45093e-08
-5.70966e-09
0.0903299
-0.00283408
0.0901038
-0.00197941
0.0899507
-0.00136876
0.0898475
-0.00094007
0.0897775
-0.000642663
0.0897304
-0.000437926
0.0896983
-0.000297808
0.0896768
-0.000202194
0.089662
-0.000137189
0.0896523
-9.29865e-05
0.0896454
-6.30554e-05
0.0896409
-4.27094e-05
0.0896377
-2.89862e-05
0.0896357
-1.96295e-05
0.0896341
-1.33577e-05
0.0896333
-9.04398e-06
0.0896324
-6.18763e-06
0.0896321
-4.18216e-06
0.0896316
-2.88806e-06
0.0896316
-1.93783e-06
0.0896313
-1.35809e-06
0.0896314
-8.91232e-07
0.0896311
-6.40342e-07
0.0896313
-3.97981e-07
0.0896311
-3.021e-07
0.0896313
-1.67804e-07
0.0896311
-1.49077e-07
0.0896313
-7.02404e-08
0.0896312
-9.21512e-08
0.0896313
-4.23851e-08
0.0896312
-8.45564e-08
0.0896314
-4.74477e-08
0.0896312
-9.50444e-08
0.0896314
-5.80391e-08
0.0896312
-1.00514e-07
0.0896314
-5.65022e-08
0.0896312
-8.88185e-08
0.0896314
-3.13626e-08
0.0896313
-5.18083e-08
-2.32913e-09
0.0904003
-0.00247502
0.0901541
-0.00173379
0.089986
-0.00120146
0.089872
-0.000826377
0.0897944
-0.000565535
0.089742
-0.000385636
0.0897062
-0.000262391
0.0896822
-0.000178201
0.0896657
-0.00012095
0.0896547
-8.19853e-05
0.089647
-5.56121e-05
0.0896421
-3.76623e-05
0.0896384
-2.55724e-05
0.0896362
-1.73093e-05
0.0896344
-1.17892e-05
0.0896335
-7.97254e-06
0.0896326
-5.46465e-06
0.0896322
-3.68357e-06
0.0896317
-2.55366e-06
0.0896317
-1.70324e-06
0.0896313
-1.20353e-06
0.0896314
-7.7945e-07
0.0896312
-5.69855e-07
0.0896313
-3.43851e-07
0.0896311
-2.71092e-07
0.0896313
-1.40468e-07
0.0896311
-1.35816e-07
0.0896313
-5.42037e-08
0.0896312
-8.54557e-08
0.0896313
-2.95189e-08
0.0896312
-7.85643e-08
0.0896314
-3.38482e-08
0.0896312
-8.76341e-08
0.0896314
-4.30529e-08
0.0896312
-9.23024e-08
0.0896314
-4.17758e-08
0.0896312
-8.21965e-08
0.0896314
-1.94606e-08
0.0896313
-4.85662e-08
1.22435e-09
0.0904613
-0.00209453
0.0901979
-0.00147102
0.0900169
-0.00102125
0.0898935
-0.000703318
0.0898092
-0.000481766
0.0897521
-0.000328707
0.0897131
-0.000223766
0.0896869
-0.000152006
0.0896689
-0.000103205
0.0896569
-6.99575e-05
0.0896485
-4.7471e-05
0.0896431
-3.21406e-05
0.0896391
-2.18369e-05
0.0896367
-1.477e-05
0.0896348
-1.00726e-05
0.0896337
-6.79995e-06
0.0896327
-4.67353e-06
0.0896323
-3.13806e-06
0.0896318
-2.18792e-06
0.0896317
-1.44673e-06
0.0896314
-1.03466e-06
0.0896314
-6.5734e-07
0.0896312
-4.92944e-07
0.0896313
-2.84763e-07
0.0896311
-2.37323e-07
0.0896313
-1.10649e-07
0.0896311
-1.21433e-07
0.0896313
-3.67363e-08
0.0896312
-7.8297e-08
0.0896313
-1.56075e-08
0.0896312
-7.23012e-08
0.0896314
-1.92822e-08
0.0896312
-7.99966e-08
0.0896314
-2.7148e-08
0.0896312
-8.39302e-08
0.0896314
-2.62512e-08
0.0896312
-7.55775e-08
0.0896314
-6.84758e-09
0.0896313
-4.5212e-08
5.0982e-09
0.0905126
-0.0016964
0.0902349
-0.00119395
0.0900431
-0.000830179
0.0899117
-0.000572337
0.0898218
-0.000392356
0.0897607
-0.000267829
0.089719
-0.000182406
0.0896909
-0.000123929
0.0896716
-8.41729e-05
0.0896587
-5.70518e-05
0.0896498
-3.8732e-05
0.0896439
-2.62129e-05
0.0896397
-1.78253e-05
0.0896371
-1.20437e-05
0.089635
-8.22848e-06
0.0896339
-5.54112e-06
0.0896329
-3.82341e-06
0.0896324
-2.55279e-06
0.0896319
-1.79472e-06
0.0896317
-1.17188e-06
0.0896314
-8.52903e-07
0.0896314
-5.26846e-07
0.0896312
-4.09939e-07
0.0896313
-2.21918e-07
0.0896311
-2.00613e-07
0.0896313
-7.92121e-08
0.0896311
-1.0551e-07
0.0896313
-1.85349e-08
0.0896312
-7.01327e-08
0.0896313
-1.25918e-09
0.0896312
-6.51569e-08
0.0896314
-4.30003e-09
0.0896312
-7.14888e-08
0.0896314
-1.08593e-08
0.0896312
-7.4764e-08
0.0896314
-1.04731e-08
0.0896312
-6.8347e-08
0.0896314
5.94544e-09
0.0896313
-4.11495e-08
9.06157e-09
0.0905539
-0.00128439
0.0902648
-0.0009055
0.0900643
-0.000630411
0.0899265
-0.000434976
0.089832
-0.00029839
0.0897678
-0.000203754
0.0897238
-0.000138827
0.0896942
-9.4326e-05
0.0896738
-6.40954e-05
0.0896602
-4.34328e-05
0.0896508
-2.95076e-05
0.0896446
-1.99547e-05
0.0896402
-1.35895e-05
0.0896374
-9.16479e-06
0.0896353
-6.28113e-06
0.089634
-4.21177e-06
0.089633
-2.92574e-06
0.0896325
-1.93482e-06
0.0896319
-1.37968e-06
0.0896318
-8.81802e-07
0.0896314
-6.61189e-07
0.0896314
-3.89222e-07
0.0896312
-3.22508e-07
0.0896313
-1.557e-07
0.0896311
-1.62032e-07
0.0896313
-4.61327e-08
0.0896311
-8.88733e-08
0.0896313
5.72182e-10
0.0896312
-6.17111e-08
0.0896313
1.37171e-08
0.0896312
-5.79135e-08
0.0896313
1.12371e-08
0.0896312
-6.29259e-08
0.0896314
5.92978e-09
0.0896312
-6.56148e-08
0.0896314
5.70199e-09
0.0896313
-6.12502e-08
0.0896314
1.91951e-08
0.0896313
-3.68511e-08
1.34127e-08
0.0905851
-0.000862049
0.0902875
-0.000608508
0.0900804
-0.000424075
0.0899377
-0.000292781
0.0898398
-0.000200964
0.0897731
-0.000137248
0.0897275
-9.35591e-05
0.0896967
-6.35597e-05
0.0896755
-4.322e-05
0.0896614
-2.92698e-05
0.0896516
-1.99118e-05
0.0896451
-1.3445e-05
0.0896405
-9.18184e-06
0.0896376
-6.17001e-06
0.0896354
-4.25418e-06
0.0896341
-2.82926e-06
0.0896331
-1.99099e-06
0.0896325
-1.29258e-06
0.0896319
-9.47189e-07
0.0896318
-5.80804e-07
0.0896314
-4.611e-07
0.0896314
-2.46885e-07
0.0896312
-2.30948e-07
0.0896313
-8.76593e-08
0.0896312
-1.21264e-07
0.0896313
-1.25497e-08
0.0896312
-7.09337e-08
0.0896313
1.963e-08
0.0896312
-5.22991e-08
0.0896313
2.84662e-08
0.0896312
-4.97877e-08
0.0896313
2.65088e-08
0.0896312
-5.34972e-08
0.0896314
2.24156e-08
0.0896312
-5.569e-08
0.0896314
2.14584e-08
0.0896313
-5.34951e-08
0.0896314
3.21382e-08
0.0896313
-3.15296e-08
1.7876e-08
0.090606
-0.000432894
0.0903027
-0.000305847
0.0900912
-0.000213361
0.0899453
-0.000147356
0.089845
-0.00010122
0.0897767
-6.91112e-05
0.08973
-4.71574e-05
0.0896984
-3.20121e-05
0.0896767
-2.18089e-05
0.0896622
-1.4741e-05
0.0896521
-1.00669e-05
0.0896455
-6.76557e-06
0.0896408
-4.6591e-06
0.0896378
-3.0969e-06
0.0896355
-2.17424e-06
0.0896342
-1.41057e-06
0.0896331
-1.03189e-06
0.0896326
-6.33621e-07
0.089632
-5.0356e-07
0.0896318
-2.72059e-07
0.0896315
-2.55968e-07
0.0896314
-1.00964e-07
0.0896312
-1.37178e-07
0.0896313
-1.79419e-08
0.0896312
-7.95774e-08
0.0896313
2.18335e-08
0.0896312
-5.26535e-08
0.0896313
3.91314e-08
0.0896312
-4.27708e-08
0.0896313
4.35091e-08
0.0896312
-4.16393e-08
0.0896313
4.20276e-08
0.0896312
-4.40877e-08
0.0896313
3.90876e-08
0.0896312
-4.58491e-08
0.0896314
3.73208e-08
0.0896313
-4.59256e-08
0.0896314
4.53276e-08
0.0896313
-2.57698e-08
2.29666e-08
0.0906164
0.0903103
0.0900966
0.0899491
0.0898477
0.0897785
0.0897312
0.0896992
0.0896773
0.0896625
0.0896524
0.0896456
0.0896409
0.0896379
0.0896356
0.0896342
0.0896331
0.0896326
0.089632
0.0896318
0.0896315
0.0896314
0.0896312
0.0896313
0.0896312
0.0896313
0.0896312
0.0896313
0.0896312
0.0896313
0.0896312
0.0896313
0.0896312
0.0896313
0.0896312
0.0896314
0.0896313
0.0896314
0.0896313
)
;

boundaryField
{
    down
    {
        type            symmetryPlane;
        value           uniform 0;
    }
    right
    {
        type            calculated;
        value           nonuniform List<scalar> 
30
(
0.0707002
0.0707002
0.0707002
0.0707002
0.0707002
0.0707002
0.0707002
0.0707002
0.0707002
0.0707002
0.0896313
0.0896313
0.0896313
0.0896313
0.0896313
0.0896314
0.0896314
0.0896314
0.0896314
0.0896314
0.0896314
0.0896314
0.0896314
0.0896314
0.0896314
0.0896314
0.0896314
0.0896314
0.0896314
0.0896314
)
;
    }
    up
    {
        type            symmetryPlane;
        value           uniform 0;
    }
    left
    {
        type            calculated;
        value           nonuniform List<scalar> 
30
(
-0.0707107
-0.0707107
-0.0707107
-0.0707107
-0.0707107
-0.0707107
-0.0707107
-0.0707107
-0.0707107
-0.0707107
-0.0896446
-0.0896446
-0.0896446
-0.0896446
-0.0896447
-0.0896447
-0.0896446
-0.0896447
-0.0896446
-0.0896447
-0.0896446
-0.0896447
-0.0896446
-0.0896447
-0.0896447
-0.0896446
-0.0896446
-0.0896446
-0.0896447
-0.0896446
)
;
    }
    cylinder
    {
        type            symmetry;
        value           uniform -0;
    }
    defaultFaces
    {
        type            empty;
        value           nonuniform List<scalar> 0();
    }
}


// ************************************************************************* //
