/*--------------------------------*- C++ -*----------------------------------*\
| =========                 |                                                 |
| \\      /  F ield         | OpenFOAM: The Open Source CFD Toolbox           |
|  \\    /   O peration     | Version:  2312                                  |
|   \\  /    A nd           | Website:  www.openfoam.com                      |
|    \\/     M anipulation  |                                                 |
\*---------------------------------------------------------------------------*/
FoamFile
{
    version     2.0;
    format      ascii;
    arch        "LSB;label=32;scalar=64";
    class       pointScalarField;
    location    "0";
    object      streamFunction;
}
// * * * * * * * * * * * * * * * * * * * * * * * * * * * * * * * * * * * * * //

dimensions      [0 3 -1 0 0 0 0];

internalField   nonuniform List<scalar> 
6702
(
1.634e-05
0.0696778
0.133861
0.193802
0.25041
0.304349
0.356121
0.406109
0.454615
0.501864
0.547996
1.632e-05
0.0749554
0.144001
0.208487
0.269388
0.327421
0.383124
0.436911
0.489107
0.539965
0.589676
1.752e-05
0.0797718
0.153255
0.221887
0.286705
0.34847
0.407756
0.465001
0.520552
0.574681
0.627601
1.853e-05
0.0840966
0.161565
0.233918
0.302251
0.367366
0.429865
0.490206
0.54875
0.605773
0.661476
1.887e-05
0.0879028
0.168877
0.244506
0.315933
0.383995
0.449322
0.512389
0.573573
0.633157
0.691353
1.931e-05
0.0911663
0.175148
0.253585
0.327666
0.398258
0.466012
0.531425
0.594885
0.656689
0.717064
1.922e-05
0.0938667
0.180336
0.261098
0.337377
0.410064
0.479833
0.547193
0.612548
0.676206
0.738407
1.954e-05
0.0959867
0.18441
0.266998
0.345003
0.419337
0.49069
0.559585
0.626435
0.691558
0.755202
1.934e-05
0.0975127
0.187342
0.271245
0.350493
0.426015
0.498511
0.568513
0.636442
0.702623
0.76731
1.9627e-05
0.0984347
0.189114
0.273812
0.353812
0.430051
0.503239
0.573911
0.642494
0.709315
0.774633
1.9596e-05
0.0987467
0.189714
0.27468
0.354935
0.431418
0.50484
0.575739
0.644543
0.711581
0.777113
1.634e-05
0.0696778
0.133861
0.193802
0.25041
0.304349
0.356121
0.406109
0.454615
0.501864
0.547996
1.632e-05
0.0749554
0.144001
0.208487
0.269388
0.327421
0.383124
0.436911
0.489107
0.539965
0.589676
1.752e-05
0.0797718
0.153255
0.221887
0.286705
0.34847
0.407756
0.465001
0.520552
0.574681
0.627601
1.853e-05
0.0840966
0.161565
0.233918
0.302251
0.367366
0.429865
0.490206
0.54875
0.605773
0.661476
1.887e-05
0.0879028
0.168877
0.244506
0.315933
0.383995
0.449322
0.512389
0.573573
0.633157
0.691353
1.931e-05
0.0911663
0.175148
0.253585
0.327666
0.398258
0.466012
0.531425
0.594885
0.656689
0.717064
1.922e-05
0.0938667
0.180336
0.261098
0.337377
0.410064
0.479833
0.547193
0.612548
0.676206
0.738407
1.954e-05
0.0959867
0.18441
0.266998
0.345003
0.419337
0.49069
0.559585
0.626435
0.691558
0.755202
1.934e-05
0.0975127
0.187342
0.271245
0.350493
0.426015
0.498511
0.568513
0.636442
0.702623
0.76731
1.9627e-05
0.0984347
0.189114
0.273812
0.353812
0.430051
0.503239
0.573911
0.642494
0.709315
0.774633
1.9596e-05
0.0987467
0.189714
0.27468
0.354935
0.431418
0.50484
0.575739
0.644543
0.711581
0.777113
0
0
-2.32e-06
-4.38e-06
-6.34e-06
-8.08e-06
-9.71e-06
-1.144e-05
-1.331e-05
-1.5e-05
-1.695e-05
0
0.00770902
0.0148068
0.021432
0.0276842
0.0336363
0.0393437
0.044849
0.0501861
0.0553829
0.0604632
2.97e-06
0.0153726
0.0295283
0.0427415
0.0552108
0.0670813
0.0784633
0.089441
0.100081
0.110438
0.120554
5.04e-06
0.0229449
0.0440747
0.0637979
0.0824109
0.10013
0.117119
0.133502
0.149378
0.164826
0.179905
6.98e-06
0.0303809
0.0583594
0.0844763
0.109124
0.132589
0.155085
0.176778
0.197794
0.218234
0.238173
8.59e-06
0.0376357
0.0722967
0.104653
0.135192
0.164267
0.192144
0.219023
0.24506
0.270375
0.295051
1.025e-05
0.0446652
0.0858018
0.124207
0.160458
0.194976
0.228078
0.259999
0.290923
0.320985
0.350275
1.131e-05
0.0514258
0.0987911
0.143016
0.184766
0.224529
0.262669
0.299464
0.335125
0.369809
0.403616
1.239e-05
0.0578752
0.111183
0.160961
0.207961
0.252733
0.295693
0.337157
0.377375
0.416543
0.454795
1.361e-05
0.0639722
0.122898
0.177926
0.22989
0.2794
0.326916
0.372795
0.417323
0.460739
0.503254
0
0
-2.32e-06
-4.38e-06
-6.34e-06
-8.08e-06
-9.71e-06
-1.144e-05
-1.331e-05
-1.5e-05
-1.695e-05
0
0.00770902
0.0148068
0.021432
0.0276842
0.0336363
0.0393437
0.044849
0.0501861
0.0553829
0.0604632
2.97e-06
0.0153726
0.0295283
0.0427415
0.0552108
0.0670813
0.0784633
0.089441
0.100081
0.110438
0.120554
5.04e-06
0.0229449
0.0440747
0.0637979
0.0824109
0.10013
0.117119
0.133502
0.149378
0.164826
0.179905
6.98e-06
0.0303809
0.0583594
0.0844763
0.109124
0.132589
0.155085
0.176778
0.197794
0.218234
0.238173
8.59e-06
0.0376357
0.0722967
0.104653
0.135192
0.164267
0.192144
0.219023
0.24506
0.270375
0.295051
1.025e-05
0.0446652
0.0858018
0.124207
0.160458
0.194976
0.228078
0.259999
0.290923
0.320985
0.350275
1.131e-05
0.0514258
0.0987911
0.143016
0.184766
0.224529
0.262669
0.299464
0.335125
0.369809
0.403616
1.239e-05
0.0578752
0.111183
0.160961
0.207961
0.252733
0.295693
0.337157
0.377375
0.416543
0.454795
1.361e-05
0.0639722
0.122898
0.177926
0.22989
0.2794
0.326916
0.372795
0.417323
0.460739
0.503254
-1.86e-05
-2.069e-05
-2.282e-05
-2.489e-05
-2.6634e-05
-2.8245e-05
-2.9719e-05
-3.1021e-05
-3.2234e-05
-3.3291e-05
-3.4232e-05
-3.5137e-05
-3.58681e-05
-3.6616e-05
-3.72484e-05
-3.78814e-05
-3.83234e-05
-3.88694e-05
-3.94174e-05
-4.00274e-05
0.0628847
0.0647537
0.0662032
0.0673254
0.0681917
0.0688569
0.0693629
0.0697412
0.0700152
0.0702024
0.0703164
0.0703677
0.0703649
0.0703154
0.0702252
0.0700995
0.0699431
0.0697598
0.0695533
0.0693267
0.125388
0.129132
0.132043
0.134306
0.136062
0.137418
0.138459
0.139244
0.139821
0.140223
0.140477
0.140605
0.140624
0.140548
0.14039
0.140162
0.139872
0.139528
0.139138
0.138707
0.187127
0.192748
0.197138
0.200571
0.203254
0.20535
0.206976
0.208222
0.209154
0.209821
0.210264
0.210515
0.2106
0.210542
0.210361
0.210074
0.209694
0.209235
0.208706
0.208117
0.247739
0.255238
0.261131
0.265777
0.269451
0.272358
0.274648
0.276431
0.277792
0.278795
0.279495
0.279935
0.280152
0.280178
0.28004
0.279759
0.279356
0.278848
0.278249
0.277568
0.306886
0.316258
0.323685
0.329612
0.334364
0.338179
0.341229
0.343642
0.345522
0.346948
0.34799
0.348704
0.349139
0.349335
0.349325
0.349139
0.348802
0.348334
0.347754
0.347074
0.364258
0.375489
0.384504
0.391806
0.397748
0.402582
0.406497
0.409642
0.412138
0.414085
0.415569
0.41666
0.417416
0.417888
0.418116
0.418135
0.417974
0.41766
0.417212
0.416645
0.419578
0.432659
0.443354
0.452154
0.459403
0.465361
0.47024
0.474214
0.477429
0.480007
0.482048
0.483635
0.484838
0.485714
0.48631
0.486666
0.486817
0.486789
0.486608
0.48629
0.472589
0.487566
0.50008
0.510491
0.519131
0.52629
0.532218
0.537121
0.54117
0.544504
0.547237
0.549464
0.551261
0.552692
0.553809
0.554658
0.555274
0.55569
0.555932
0.556019
0.52298
0.540068
0.554514
0.566575
0.576646
0.585075
0.592152
0.598107
0.603129
0.607371
0.610957
0.613989
0.616549
0.618708
0.620521
0.622037
0.623295
0.62433
0.625171
0.625838
0.569861
0.589051
0.605508
0.619407
0.631139
0.641081
0.649544
0.656781
0.662999
0.668363
0.67301
0.67705
0.680575
0.683658
0.686362
0.68874
0.690833
0.69268
0.694314
0.695755
-1.86e-05
-2.069e-05
-2.282e-05
-2.489e-05
-2.6634e-05
-2.8245e-05
-2.9719e-05
-3.1021e-05
-3.2234e-05
-3.3291e-05
-3.4232e-05
-3.5137e-05
-3.58681e-05
-3.6616e-05
-3.72484e-05
-3.78814e-05
-3.83234e-05
-3.88694e-05
-3.94174e-05
-4.00274e-05
0.0628847
0.0647537
0.0662032
0.0673254
0.0681917
0.0688569
0.0693629
0.0697412
0.0700152
0.0702024
0.0703164
0.0703677
0.0703649
0.0703154
0.0702252
0.0700995
0.0699431
0.0697598
0.0695533
0.0693267
0.125388
0.129132
0.132043
0.134306
0.136062
0.137418
0.138459
0.139244
0.139821
0.140223
0.140477
0.140605
0.140624
0.140548
0.14039
0.140162
0.139872
0.139528
0.139138
0.138707
0.187127
0.192748
0.197138
0.200571
0.203254
0.20535
0.206976
0.208222
0.209154
0.209821
0.210264
0.210515
0.2106
0.210542
0.210361
0.210074
0.209694
0.209235
0.208706
0.208117
0.247739
0.255238
0.261131
0.265777
0.269451
0.272358
0.274648
0.276431
0.277792
0.278795
0.279495
0.279935
0.280152
0.280178
0.28004
0.279759
0.279356
0.278848
0.278249
0.277568
0.306886
0.316258
0.323685
0.329612
0.334364
0.338179
0.341229
0.343642
0.345522
0.346948
0.34799
0.348704
0.349139
0.349335
0.349325
0.349139
0.348802
0.348334
0.347754
0.347074
0.364258
0.375489
0.384504
0.391806
0.397748
0.402582
0.406497
0.409642
0.412138
0.414085
0.415569
0.41666
0.417416
0.417888
0.418116
0.418135
0.417974
0.41766
0.417212
0.416645
0.419578
0.432659
0.443354
0.452154
0.459403
0.465361
0.47024
0.474214
0.477429
0.480007
0.482048
0.483635
0.484838
0.485714
0.48631
0.486666
0.486817
0.486789
0.486608
0.48629
0.472589
0.487566
0.50008
0.510491
0.519131
0.52629
0.532218
0.537121
0.54117
0.544504
0.547237
0.549464
0.551261
0.552692
0.553809
0.554658
0.555274
0.55569
0.555932
0.556019
0.52298
0.540068
0.554514
0.566575
0.576646
0.585075
0.592152
0.598107
0.603129
0.607371
0.610957
0.613989
0.616549
0.618708
0.620521
0.622037
0.623295
0.62433
0.625171
0.625838
0.569861
0.589051
0.605508
0.619407
0.631139
0.641081
0.649544
0.656781
0.662999
0.668363
0.67301
0.67705
0.680575
0.683658
0.686362
0.68874
0.690833
0.69268
0.694314
0.695755
0.641827
0.661382
0.678697
0.693875
0.707038
0.718399
0.728196
0.736652
0.743967
0.750309
0.755823
0.76063
0.764832
0.768514
0.771747
0.774591
0.777098
0.779312
0.78127
0.783005
0.784539
0.738247
0.755127
0.77048
0.784253
0.796468
0.80722
0.816648
0.8249
0.832122
0.838446
0.843989
0.848855
0.853133
0.8569
0.860222
0.863156
0.86575
0.868047
0.870084
0.871893
0.873496
0.83595
0.850379
0.863843
0.876189
0.887356
0.897362
0.906273
0.914177
0.921174
0.927361
0.932831
0.937667
0.941944
0.945731
0.949086
0.95206
0.954699
0.957043
0.959127
0.960982
0.962629
0.93423
0.946576
0.958325
0.969301
0.979402
0.988597
0.9969
1.00436
1.01103
1.01699
1.0223
1.02704
1.03125
1.03499
1.03833
1.0413
1.04394
1.0463
1.0484
1.05027
1.05194
1.03276
1.04335
1.05358
1.06329
1.07235
1.08072
1.08837
1.09532
1.10161
1.10727
1.11236
1.11692
1.12101
1.12467
1.12794
1.13086
1.13347
1.13581
1.1379
1.13977
1.14143
1.13136
1.14046
1.14936
1.15791
1.166
1.17355
1.18054
1.18695
1.19281
1.19812
1.20294
1.20729
1.2112
1.21473
1.21789
1.22073
1.22328
1.22557
1.22762
1.22946
1.2311
1.22993
1.23777
1.24549
1.253
1.26017
1.26695
1.27328
1.27914
1.28454
1.28948
1.29398
1.29808
1.30179
1.30514
1.30817
1.3109
1.31336
1.31556
1.31755
1.31934
1.32094
1.32841
1.33515
1.34185
1.34841
1.35475
1.36079
1.36647
1.37179
1.37672
1.38127
1.38544
1.38925
1.39273
1.39588
1.39875
1.40133
1.40367
1.40578
1.40769
1.4094
1.41094
1.42677
1.43255
1.43834
1.44406
1.44963
1.45497
1.46005
1.46482
1.46929
1.47343
1.47725
1.48077
1.48398
1.48692
1.48959
1.49202
1.49422
1.49621
1.49801
1.49963
1.5011
1.52496
1.52991
1.5349
1.53986
1.54472
1.54942
1.55391
1.55817
1.56217
1.56591
1.56937
1.57258
1.57552
1.57822
1.58069
1.58293
1.58497
1.58683
1.58851
1.59003
1.5914
1.623
1.62722
1.63148
1.63576
1.63998
1.64407
1.64802
1.65177
1.65532
1.65865
1.66176
1.66464
1.6673
1.66975
1.672
1.67405
1.67592
1.67762
1.67916
1.68057
1.68183
1.72088
1.72444
1.72807
1.73172
1.73534
1.73888
1.74231
1.74558
1.74869
1.75163
1.75437
1.75693
1.7593
1.76149
1.7635
1.76535
1.76703
1.76857
1.76997
1.77124
1.77239
1.8186
1.82159
1.82463
1.82772
1.83079
1.83381
1.83674
1.83955
1.84224
1.84478
1.84717
1.8494
1.85148
1.8534
1.85517
1.8568
1.85829
1.85965
1.8609
1.86203
1.86305
1.91617
1.91864
1.92116
1.92373
1.92629
1.92882
1.93128
1.93366
1.93593
1.93809
1.94012
1.94203
1.94381
1.94546
1.94699
1.94839
1.94968
1.95086
1.95194
1.95292
1.95381
2.01363
2.01562
2.01766
2.01974
2.02183
2.02389
2.02591
2.02786
2.02973
2.03152
2.0332
2.03479
2.03627
2.03765
2.03892
2.0401
2.04118
2.04217
2.04308
2.0439
2.04465
2.11097
2.11253
2.11412
2.11575
2.11738
2.11901
2.1206
2.12214
2.12363
2.12504
2.12639
2.12765
2.12883
2.12993
2.13096
2.1319
2.13277
2.13356
2.13429
2.13496
2.13556
2.20823
2.20938
2.21054
2.21174
2.21296
2.21416
2.21534
2.21648
2.21759
2.21864
2.21964
2.22059
2.22147
2.2223
2.22307
2.22377
2.22443
2.22503
2.22557
2.22608
2.22653
2.30542
2.30618
2.30694
2.30773
2.30853
2.30933
2.31011
2.31087
2.3116
2.3123
2.31296
2.31359
2.31418
2.31472
2.31523
2.31571
2.31614
2.31654
2.3169
2.31724
2.31754
2.40256
2.40295
2.40332
2.40372
2.40412
2.40451
2.4049
2.40528
2.40564
2.40599
2.40631
2.40663
2.40692
2.40719
2.40744
2.40767
2.40789
2.40808
2.40826
2.40843
2.40857
2.49969
2.49971
2.49969
2.4997
2.4997
2.4997
2.4997
2.4997
2.49969
2.49969
2.49969
2.49968
2.49968
2.49967
2.49967
2.49966
2.49965
2.49965
2.49964
2.49963
2.49962
0.641827
0.661382
0.678697
0.693875
0.707038
0.718399
0.728196
0.736652
0.743967
0.750309
0.755823
0.76063
0.764832
0.768514
0.771747
0.774591
0.777098
0.779312
0.78127
0.783005
0.784539
0.738247
0.755127
0.77048
0.784253
0.796468
0.80722
0.816648
0.8249
0.832122
0.838446
0.843989
0.848855
0.853133
0.8569
0.860222
0.863156
0.86575
0.868047
0.870084
0.871893
0.873496
0.83595
0.850379
0.863843
0.876189
0.887356
0.897362
0.906273
0.914177
0.921174
0.927361
0.932831
0.937667
0.941944
0.945731
0.949086
0.95206
0.954699
0.957043
0.959127
0.960982
0.962629
0.93423
0.946576
0.958325
0.969301
0.979402
0.988597
0.9969
1.00436
1.01103
1.01699
1.0223
1.02704
1.03125
1.03499
1.03833
1.0413
1.04394
1.0463
1.0484
1.05027
1.05194
1.03276
1.04335
1.05358
1.06329
1.07235
1.08072
1.08837
1.09532
1.10161
1.10727
1.11236
1.11692
1.12101
1.12467
1.12794
1.13086
1.13347
1.13581
1.1379
1.13977
1.14143
1.13136
1.14046
1.14936
1.15791
1.166
1.17355
1.18054
1.18695
1.19281
1.19812
1.20294
1.20729
1.2112
1.21473
1.21789
1.22073
1.22328
1.22557
1.22762
1.22946
1.2311
1.22993
1.23777
1.24549
1.253
1.26017
1.26695
1.27328
1.27914
1.28454
1.28948
1.29398
1.29808
1.30179
1.30514
1.30817
1.3109
1.31336
1.31556
1.31755
1.31934
1.32094
1.32841
1.33515
1.34185
1.34841
1.35475
1.36079
1.36647
1.37179
1.37672
1.38127
1.38544
1.38925
1.39273
1.39588
1.39875
1.40133
1.40367
1.40578
1.40769
1.4094
1.41094
1.42677
1.43255
1.43834
1.44406
1.44963
1.45497
1.46005
1.46482
1.46929
1.47343
1.47725
1.48077
1.48398
1.48692
1.48959
1.49202
1.49422
1.49621
1.49801
1.49963
1.5011
1.52496
1.52991
1.5349
1.53986
1.54472
1.54942
1.55391
1.55817
1.56217
1.56591
1.56937
1.57258
1.57552
1.57822
1.58069
1.58293
1.58497
1.58683
1.58851
1.59003
1.5914
1.623
1.62722
1.63148
1.63576
1.63998
1.64407
1.64802
1.65177
1.65532
1.65865
1.66176
1.66464
1.6673
1.66975
1.672
1.67405
1.67592
1.67762
1.67916
1.68057
1.68183
1.72088
1.72444
1.72807
1.73172
1.73534
1.73888
1.74231
1.74558
1.74869
1.75163
1.75437
1.75693
1.7593
1.76149
1.7635
1.76535
1.76703
1.76857
1.76997
1.77124
1.77239
1.8186
1.82159
1.82463
1.82772
1.83079
1.83381
1.83674
1.83955
1.84224
1.84478
1.84717
1.8494
1.85148
1.8534
1.85517
1.8568
1.85829
1.85965
1.8609
1.86203
1.86305
1.91617
1.91864
1.92116
1.92373
1.92629
1.92882
1.93128
1.93366
1.93593
1.93809
1.94012
1.94203
1.94381
1.94546
1.94699
1.94839
1.94968
1.95086
1.95194
1.95292
1.95381
2.01363
2.01562
2.01766
2.01974
2.02183
2.02389
2.02591
2.02786
2.02973
2.03152
2.0332
2.03479
2.03627
2.03765
2.03892
2.0401
2.04118
2.04217
2.04308
2.0439
2.04465
2.11097
2.11253
2.11412
2.11575
2.11738
2.11901
2.1206
2.12214
2.12363
2.12504
2.12639
2.12765
2.12883
2.12993
2.13096
2.1319
2.13277
2.13356
2.13429
2.13496
2.13556
2.20823
2.20938
2.21054
2.21174
2.21296
2.21416
2.21534
2.21648
2.21759
2.21864
2.21964
2.22059
2.22147
2.2223
2.22307
2.22377
2.22443
2.22503
2.22557
2.22608
2.22653
2.30542
2.30618
2.30694
2.30773
2.30853
2.30933
2.31011
2.31087
2.3116
2.3123
2.31296
2.31359
2.31418
2.31472
2.31523
2.31571
2.31614
2.31654
2.3169
2.31724
2.31754
2.40256
2.40295
2.40332
2.40372
2.40412
2.40451
2.4049
2.40528
2.40564
2.40599
2.40631
2.40663
2.40692
2.40719
2.40744
2.40767
2.40789
2.40808
2.40826
2.40843
2.40857
2.49969
2.49971
2.49969
2.4997
2.4997
2.4997
2.4997
2.4997
2.49969
2.49969
2.49969
2.49968
2.49968
2.49967
2.49967
2.49966
2.49965
2.49965
2.49964
2.49963
2.49962
0.873013
0.870511
0.863121
0.850903
0.833952
0.812403
0.786429
0.756227
0.721976
0.683702
0.966627
0.964156
0.956866
0.944818
0.928112
0.906884
0.88129
0.85149
0.817589
0.779689
1.05838
1.05598
1.0489
1.0372
1.02097
1.00033
0.975405
0.9463
0.913172
0.876258
1.14858
1.14627
1.13948
1.12823
1.11262
1.09273
1.06864
1.04052
1.00853
0.973004
1.23748
1.23528
1.22881
1.21808
1.20317
1.18412
1.16109
1.13419
1.10363
1.06974
1.32528
1.3232
1.31707
1.30691
1.29274
1.27471
1.25286
1.22736
1.19844
1.16637
1.41213
1.41018
1.40441
1.39482
1.38153
1.36457
1.34403
1.32008
1.29293
1.26282
1.49819
1.49637
1.49094
1.48204
1.46964
1.45382
1.43468
1.41238
1.3871
1.35905
1.58352
1.58183
1.57686
1.56862
1.55717
1.54255
1.52488
1.50429
1.48096
1.45506
1.66833
1.66678
1.66222
1.65468
1.6442
1.63083
1.61467
1.59585
1.57452
1.55085
1.75265
1.75125
1.74712
1.74029
1.7308
1.71871
1.70411
1.6871
1.66782
1.64641
1.83657
1.83531
1.83163
1.82553
1.81706
1.80626
1.79323
1.77806
1.76086
1.74176
1.92015
1.91904
1.9158
1.91045
1.90301
1.89353
1.8821
1.86878
1.85369
1.83693
2.00344
2.00249
1.99971
1.9951
1.9887
1.98056
1.97073
1.95929
1.94633
1.93193
2.08651
2.08571
2.08338
2.07953
2.07419
2.06739
2.05918
2.04963
2.03881
2.02678
2.16939
2.16875
2.16688
2.16379
2.15951
2.15405
2.14748
2.13982
2.13115
2.12151
2.25212
2.25164
2.25024
2.24791
2.24469
2.2406
2.23565
2.2299
2.22339
2.21615
2.33475
2.33443
2.33349
2.33194
2.32978
2.32705
2.32374
2.3199
2.31555
2.31071
2.41731
2.41715
2.41667
2.41589
2.41481
2.41344
2.41178
2.40985
2.40766
2.40523
2.49983
2.49983
2.49983
2.49982
2.49982
2.49981
2.49979
2.49978
2.49976
2.49973
0.873013
0.870511
0.863121
0.850903
0.833952
0.812403
0.786429
0.756227
0.721976
0.683702
0.966627
0.964156
0.956866
0.944818
0.928112
0.906884
0.88129
0.85149
0.817589
0.779689
1.05838
1.05598
1.0489
1.0372
1.02097
1.00033
0.975405
0.9463
0.913172
0.876258
1.14858
1.14627
1.13948
1.12823
1.11262
1.09273
1.06864
1.04052
1.00853
0.973004
1.23748
1.23528
1.22881
1.21808
1.20317
1.18412
1.16109
1.13419
1.10363
1.06974
1.32528
1.3232
1.31707
1.30691
1.29274
1.27471
1.25286
1.22736
1.19844
1.16637
1.41213
1.41018
1.40441
1.39482
1.38153
1.36457
1.34403
1.32008
1.29293
1.26282
1.49819
1.49637
1.49094
1.48204
1.46964
1.45382
1.43468
1.41238
1.3871
1.35905
1.58352
1.58183
1.57686
1.56862
1.55717
1.54255
1.52488
1.50429
1.48096
1.45506
1.66833
1.66678
1.66222
1.65468
1.6442
1.63083
1.61467
1.59585
1.57452
1.55085
1.75265
1.75125
1.74712
1.74029
1.7308
1.71871
1.70411
1.6871
1.66782
1.64641
1.83657
1.83531
1.83163
1.82553
1.81706
1.80626
1.79323
1.77806
1.76086
1.74176
1.92015
1.91904
1.9158
1.91045
1.90301
1.89353
1.8821
1.86878
1.85369
1.83693
2.00344
2.00249
1.99971
1.9951
1.9887
1.98056
1.97073
1.95929
1.94633
1.93193
2.08651
2.08571
2.08338
2.07953
2.07419
2.06739
2.05918
2.04963
2.03881
2.02678
2.16939
2.16875
2.16688
2.16379
2.15951
2.15405
2.14748
2.13982
2.13115
2.12151
2.25212
2.25164
2.25024
2.24791
2.24469
2.2406
2.23565
2.2299
2.22339
2.21615
2.33475
2.33443
2.33349
2.33194
2.32978
2.32705
2.32374
2.3199
2.31555
2.31071
2.41731
2.41715
2.41667
2.41589
2.41481
2.41344
2.41178
2.40985
2.40766
2.40523
2.49983
2.49983
2.49983
2.49982
2.49982
2.49981
2.49979
2.49978
2.49976
2.49973
0.548841
0.502615
0.455283
0.406691
0.356623
0.304769
0.250751
0.194062
0.134038
0.0697669
1.9934e-05
0.590482
0.540679
0.489742
0.437467
0.383605
0.327824
0.269716
0.208737
0.144172
0.0750415
2.1004e-05
0.628336
0.575339
0.521139
0.465518
0.408205
0.348847
0.287012
0.222121
0.153416
0.0798527
2.1364e-05
0.662129
0.606361
0.549279
0.490673
0.430272
0.36771
0.302532
0.234132
0.161711
0.0841706
2.1634e-05
0.69192
0.633669
0.574035
0.512799
0.44968
0.384299
0.316182
0.244696
0.169007
0.0879684
2.1394e-05
0.71754
0.657121
0.595275
0.531773
0.466317
0.398517
0.327878
0.253747
0.175258
0.0912224
2.1414e-05
0.738789
0.676555
0.612864
0.547475
0.48008
0.410275
0.33755
0.261231
0.180426
0.0939124
2.0994e-05
0.75549
0.691821
0.626674
0.559799
0.490878
0.419497
0.345134
0.267099
0.184478
0.0960214
2.0714e-05
0.767503
0.7028
0.636603
0.568656
0.498637
0.426122
0.350582
0.271313
0.187388
0.097536
2.0224e-05
0.77473
0.709404
0.642574
0.573983
0.503302
0.430105
0.353856
0.273846
0.189137
0.0984464
2.0029e-05
0.548841
0.502615
0.455283
0.406691
0.356623
0.304769
0.250751
0.194062
0.134038
0.0697669
1.9934e-05
0.590482
0.540679
0.489742
0.437467
0.383605
0.327824
0.269716
0.208737
0.144172
0.0750415
2.1004e-05
0.628336
0.575339
0.521139
0.465518
0.408205
0.348847
0.287012
0.222121
0.153416
0.0798527
2.1364e-05
0.662129
0.606361
0.549279
0.490673
0.430272
0.36771
0.302532
0.234132
0.161711
0.0841706
2.1634e-05
0.69192
0.633669
0.574035
0.512799
0.44968
0.384299
0.316182
0.244696
0.169007
0.0879684
2.1394e-05
0.71754
0.657121
0.595275
0.531773
0.466317
0.398517
0.327878
0.253747
0.175258
0.0912224
2.1414e-05
0.738789
0.676555
0.612864
0.547475
0.48008
0.410275
0.33755
0.261231
0.180426
0.0939124
2.0994e-05
0.75549
0.691821
0.626674
0.559799
0.490878
0.419497
0.345134
0.267099
0.184478
0.0960214
2.0714e-05
0.767503
0.7028
0.636603
0.568656
0.498637
0.426122
0.350582
0.271313
0.187388
0.097536
2.0224e-05
0.77473
0.709404
0.642574
0.573983
0.503302
0.430105
0.353856
0.273846
0.189137
0.0984464
2.0029e-05
-4.355e-05
-2.425e-05
7.04e-06
5.66e-06
8.04e-06
5.13e-06
4.97e-06
4.202e-06
7.086e-06
5.684e-06
0
0.0605936
0.0555135
0.0503248
0.0449682
0.0394481
0.0337215
0.0277533
0.0214846
0.0148462
0.00773067
8.524e-06
0.12084
0.110704
0.100335
0.089659
0.0786518
0.0672365
0.0553361
0.0428368
0.0295964
0.0154087
1.0884e-05
0.180335
0.165216
0.149738
0.133812
0.117386
0.100351
0.082589
0.0639332
0.0441696
0.0229944
1.2864e-05
0.238732
0.218736
0.198249
0.177171
0.155423
0.132869
0.10935
0.0846477
0.0584784
0.0304422
1.4834e-05
0.29572
0.270971
0.245597
0.219487
0.192542
0.164598
0.135459
0.104856
0.0724364
0.0377072
1.6404e-05
0.351031
0.321657
0.291524
0.26052
0.228525
0.195348
0.160758
0.124435
0.0859583
0.0447449
1.7874e-05
0.404435
0.370536
0.335772
0.300026
0.263152
0.224931
0.18509
0.143262
0.0989601
0.0515115
1.8924e-05
0.455652
0.417301
0.37805
0.337743
0.296197
0.253153
0.2083
0.161219
0.111359
0.0579645
1.9684e-05
0.504123
0.461506
0.418005
0.373388
0.327426
0.279826
0.230235
0.178189
0.123077
0.0640627
2.0374e-05
-4.355e-05
-2.425e-05
7.04e-06
5.66e-06
8.04e-06
5.13e-06
4.97e-06
4.202e-06
7.086e-06
5.684e-06
0
0.0605936
0.0555135
0.0503248
0.0449682
0.0394481
0.0337215
0.0277533
0.0214846
0.0148462
0.00773067
8.524e-06
0.12084
0.110704
0.100335
0.089659
0.0786518
0.0672365
0.0553361
0.0428368
0.0295964
0.0154087
1.0884e-05
0.180335
0.165216
0.149738
0.133812
0.117386
0.100351
0.082589
0.0639332
0.0441696
0.0229944
1.2864e-05
0.238732
0.218736
0.198249
0.177171
0.155423
0.132869
0.10935
0.0846477
0.0584784
0.0304422
1.4834e-05
0.29572
0.270971
0.245597
0.219487
0.192542
0.164598
0.135459
0.104856
0.0724364
0.0377072
1.6404e-05
0.351031
0.321657
0.291524
0.26052
0.228525
0.195348
0.160758
0.124435
0.0859583
0.0447449
1.7874e-05
0.404435
0.370536
0.335772
0.300026
0.263152
0.224931
0.18509
0.143262
0.0989601
0.0515115
1.8924e-05
0.455652
0.417301
0.37805
0.337743
0.296197
0.253153
0.2083
0.161219
0.111359
0.0579645
1.9684e-05
0.504123
0.461506
0.418005
0.373388
0.327426
0.279826
0.230235
0.178189
0.123077
0.0640627
2.0374e-05
-0.00056195
-9.3386e-05
-9.0881e-05
-8.8905e-05
-8.6978e-05
-8.50927e-05
-8.33428e-05
-8.16235e-05
-7.99179e-05
-7.8222e-05
-7.6578e-05
-7.48e-05
-7.2912e-05
-7.0893e-05
-6.8606e-05
-6.6078e-05
-6.271e-05
-5.917e-05
-5.487e-05
-5.097e-05
0.0701487
0.0704286
0.070582
0.0707118
0.0708149
0.070888
0.0709271
0.0709273
0.0708829
0.0707869
0.0706307
0.0704038
0.0700926
0.0696794
0.0691407
0.0684449
0.0675502
0.0664013
0.0649273
0.0630357
0.140859
0.140856
0.141141
0.141379
0.141563
0.141687
0.141743
0.141721
0.14161
0.141395
0.141059
0.140581
0.139933
0.139081
0.13798
0.136567
0.13476
0.13245
0.129494
0.125709
0.21157
0.21128
0.211648
0.211945
0.212162
0.21229
0.212317
0.212227
0.212002
0.211621
0.211056
0.210275
0.209238
0.207895
0.206179
0.204002
0.201243
0.197743
0.193289
0.187608
0.282281
0.28168
0.282059
0.282343
0.282523
0.282585
0.282513
0.282287
0.281882
0.281267
0.280404
0.27925
0.277751
0.27584
0.273434
0.270421
0.26665
0.261915
0.25594
0.248364
0.352992
0.352052
0.352344
0.352519
0.352565
0.352468
0.352207
0.351757
0.351084
0.350149
0.348904
0.34729
0.345239
0.342668
0.339476
0.335531
0.330661
0.324627
0.317099
0.307634
0.423702
0.422381
0.422464
0.422406
0.422199
0.421827
0.421265
0.420481
0.419436
0.418079
0.416351
0.41418
0.411481
0.408152
0.404069
0.399083
0.393003
0.385576
0.376445
0.365105
0.494413
0.492667
0.49239
0.491951
0.491347
0.490559
0.489561
0.488313
0.486769
0.48487
0.482545
0.479709
0.47626
0.472075
0.467005
0.460874
0.453469
0.444527
0.433702
0.420498
0.565124
0.562893
0.562074
0.561079
0.559909
0.558546
0.556956
0.555094
0.552905
0.550323
0.547268
0.543643
0.539333
0.534193
0.528053
0.520702
0.51189
0.501322
0.488664
0.473554
0.635834
0.633074
0.631489
0.629735
0.627814
0.625696
0.623339
0.620691
0.617689
0.61426
0.610317
0.605754
0.600443
0.594229
0.58692
0.578281
0.568023
0.555792
0.541189
0.523959
0.706545
0.703261
0.700597
0.697865
0.694995
0.691928
0.688611
0.684981
0.680968
0.676492
0.671454
0.665741
0.65921
0.651691
0.642977
0.632809
0.620873
0.606791
0.590164
0.57082
-0.00056195
-9.3386e-05
-9.0881e-05
-8.8905e-05
-8.6978e-05
-8.50927e-05
-8.33428e-05
-8.16235e-05
-7.99179e-05
-7.8222e-05
-7.6578e-05
-7.48e-05
-7.2912e-05
-7.0893e-05
-6.8606e-05
-6.6078e-05
-6.271e-05
-5.917e-05
-5.487e-05
-5.097e-05
0.0701487
0.0704286
0.070582
0.0707118
0.0708149
0.070888
0.0709271
0.0709273
0.0708829
0.0707869
0.0706307
0.0704038
0.0700926
0.0696794
0.0691407
0.0684449
0.0675502
0.0664013
0.0649273
0.0630357
0.140859
0.140856
0.141141
0.141379
0.141563
0.141687
0.141743
0.141721
0.14161
0.141395
0.141059
0.140581
0.139933
0.139081
0.13798
0.136567
0.13476
0.13245
0.129494
0.125709
0.21157
0.21128
0.211648
0.211945
0.212162
0.21229
0.212317
0.212227
0.212002
0.211621
0.211056
0.210275
0.209238
0.207895
0.206179
0.204002
0.201243
0.197743
0.193289
0.187608
0.282281
0.28168
0.282059
0.282343
0.282523
0.282585
0.282513
0.282287
0.281882
0.281267
0.280404
0.27925
0.277751
0.27584
0.273434
0.270421
0.26665
0.261915
0.25594
0.248364
0.352992
0.352052
0.352344
0.352519
0.352565
0.352468
0.352207
0.351757
0.351084
0.350149
0.348904
0.34729
0.345239
0.342668
0.339476
0.335531
0.330661
0.324627
0.317099
0.307634
0.423702
0.422381
0.422464
0.422406
0.422199
0.421827
0.421265
0.420481
0.419436
0.418079
0.416351
0.41418
0.411481
0.408152
0.404069
0.399083
0.393003
0.385576
0.376445
0.365105
0.494413
0.492667
0.49239
0.491951
0.491347
0.490559
0.489561
0.488313
0.486769
0.48487
0.482545
0.479709
0.47626
0.472075
0.467005
0.460874
0.453469
0.444527
0.433702
0.420498
0.565124
0.562893
0.562074
0.561079
0.559909
0.558546
0.556956
0.555094
0.552905
0.550323
0.547268
0.543643
0.539333
0.534193
0.528053
0.520702
0.51189
0.501322
0.488664
0.473554
0.635834
0.633074
0.631489
0.629735
0.627814
0.625696
0.623339
0.620691
0.617689
0.61426
0.610317
0.605754
0.600443
0.594229
0.58692
0.578281
0.568023
0.555792
0.541189
0.523959
0.706545
0.703261
0.700597
0.697865
0.694995
0.691928
0.688611
0.684981
0.680968
0.676492
0.671454
0.665741
0.65921
0.651691
0.642977
0.632809
0.620873
0.606791
0.590164
0.57082
0.79619
0.793058
0.790083
0.787093
0.783991
0.780707
0.777178
0.773338
0.769117
0.764435
0.759199
0.753302
0.746617
0.738997
0.730266
0.720224
0.708643
0.695283
0.679928
0.662452
0.642789
0.885834
0.882697
0.879584
0.876432
0.873169
0.869731
0.866055
0.862077
0.857728
0.852932
0.847605
0.841651
0.834961
0.827412
0.818867
0.809177
0.798192
0.785771
0.771812
0.756291
0.739298
0.975479
0.972311
0.969126
0.965881
0.962523
0.958993
0.955234
0.951186
0.946785
0.941961
0.936639
0.930737
0.924164
0.916822
0.908611
0.899427
0.889178
0.877796
0.865258
0.85162
0.837074
1.06512
1.06194
1.05873
1.05545
1.05205
1.04848
1.0447
1.04065
1.03626
1.03149
1.02625
1.02049
1.01413
1.0071
0.999328
0.990742
0.981298
0.970976
0.959802
0.947876
0.935409
1.15477
1.1516
1.1484
1.14512
1.14174
1.13819
1.13445
1.13044
1.12614
1.12147
1.11639
1.11085
1.10478
1.09813
1.09085
1.08292
1.0743
1.06501
1.0551
1.04469
1.03397
1.24441
1.24129
1.23814
1.23492
1.23159
1.22811
1.22444
1.22054
1.21637
1.21187
1.207
1.20173
1.196
1.18978
1.18305
1.17577
1.16796
1.15965
1.1509
1.14182
1.13259
1.33406
1.33102
1.32795
1.32482
1.32158
1.31821
1.31467
1.31092
1.30692
1.30263
1.29803
1.29306
1.28772
1.28196
1.27577
1.26916
1.26214
1.25474
1.24704
1.23913
1.23117
1.4237
1.42078
1.41783
1.41482
1.41172
1.40849
1.40511
1.40154
1.39776
1.39372
1.3894
1.38479
1.37984
1.37456
1.36893
1.36296
1.35668
1.35013
1.34337
1.3365
1.32964
1.51335
1.51057
1.50777
1.50491
1.50197
1.49893
1.49574
1.49239
1.48884
1.48509
1.48109
1.47683
1.47231
1.4675
1.46242
1.45708
1.4515
1.44573
1.43982
1.43386
1.42796
1.60299
1.60039
1.59776
1.59509
1.59234
1.5895
1.58653
1.58342
1.58015
1.57669
1.57303
1.56915
1.56505
1.56073
1.55619
1.55144
1.54652
1.54146
1.53632
1.53117
1.52612
1.69264
1.69023
1.68781
1.68534
1.68281
1.68019
1.67747
1.67462
1.67164
1.6685
1.66519
1.6617
1.65803
1.65417
1.65015
1.64597
1.64167
1.63727
1.63283
1.62841
1.6241
1.78228
1.78009
1.77789
1.77565
1.77335
1.77099
1.76853
1.76597
1.76329
1.76048
1.75752
1.75443
1.75118
1.74779
1.74427
1.74064
1.73691
1.73312
1.72932
1.72556
1.72191
1.87193
1.86997
1.86801
1.86602
1.86398
1.86187
1.8597
1.85743
1.85507
1.85259
1.85001
1.8473
1.84448
1.84155
1.83851
1.83539
1.83221
1.82899
1.82578
1.8226
1.81955
1.96157
1.95987
1.95816
1.95643
1.95466
1.95283
1.95095
1.94899
1.94695
1.94483
1.94261
1.9403
1.9379
1.93541
1.93284
1.93021
1.92754
1.92486
1.92218
1.91955
1.91704
2.05121
2.04978
2.04834
2.04688
2.04539
2.04386
2.04227
2.04063
2.03893
2.03716
2.03531
2.03339
2.0314
2.02934
2.02723
2.02508
2.0229
2.02071
2.01854
2.01641
2.01439
2.14086
2.1397
2.13854
2.13737
2.13616
2.13493
2.13366
2.13234
2.13097
2.12956
2.12808
2.12655
2.12497
2.12334
2.12167
2.11998
2.11826
2.11655
2.11485
2.11319
2.11163
2.2305
2.22963
2.22876
2.22787
2.22697
2.22604
2.22509
2.2241
2.22307
2.22201
2.22091
2.21977
2.21859
2.21738
2.21614
2.21489
2.21363
2.21237
2.21112
2.20991
2.20873
2.32015
2.31957
2.31899
2.3184
2.3178
2.31718
2.31655
2.31589
2.31521
2.31451
2.31378
2.31302
2.31225
2.31145
2.31064
2.30982
2.30899
2.30817
2.30736
2.30657
2.3058
2.40979
2.40951
2.40922
2.40894
2.40864
2.40834
2.40803
2.40771
2.40737
2.40703
2.40667
2.4063
2.40592
2.40554
2.40514
2.40475
2.40435
2.40396
2.40357
2.4032
2.40283
2.49944
2.49945
2.49947
2.49948
2.4995
2.49951
2.49952
2.49954
2.49955
2.49956
2.49958
2.49959
2.49961
2.49963
2.49966
2.49968
2.49971
2.49974
2.49978
2.4998
2.49983
0.79619
0.793058
0.790083
0.787093
0.783991
0.780707
0.777178
0.773338
0.769117
0.764435
0.759199
0.753302
0.746617
0.738997
0.730266
0.720224
0.708643
0.695283
0.679928
0.662452
0.642789
0.885834
0.882697
0.879584
0.876432
0.873169
0.869731
0.866055
0.862077
0.857728
0.852932
0.847605
0.841651
0.834961
0.827412
0.818867
0.809177
0.798192
0.785771
0.771812
0.756291
0.739298
0.975479
0.972311
0.969126
0.965881
0.962523
0.958993
0.955234
0.951186
0.946785
0.941961
0.936639
0.930737
0.924164
0.916822
0.908611
0.899427
0.889178
0.877796
0.865258
0.85162
0.837074
1.06512
1.06194
1.05873
1.05545
1.05205
1.04848
1.0447
1.04065
1.03626
1.03149
1.02625
1.02049
1.01413
1.0071
0.999328
0.990742
0.981298
0.970976
0.959802
0.947876
0.935409
1.15477
1.1516
1.1484
1.14512
1.14174
1.13819
1.13445
1.13044
1.12614
1.12147
1.11639
1.11085
1.10478
1.09813
1.09085
1.08292
1.0743
1.06501
1.0551
1.04469
1.03397
1.24441
1.24129
1.23814
1.23492
1.23159
1.22811
1.22444
1.22054
1.21637
1.21187
1.207
1.20173
1.196
1.18978
1.18305
1.17577
1.16796
1.15965
1.1509
1.14182
1.13259
1.33406
1.33102
1.32795
1.32482
1.32158
1.31821
1.31467
1.31092
1.30692
1.30263
1.29803
1.29306
1.28772
1.28196
1.27577
1.26916
1.26214
1.25474
1.24704
1.23913
1.23117
1.4237
1.42078
1.41783
1.41482
1.41172
1.40849
1.40511
1.40154
1.39776
1.39372
1.3894
1.38479
1.37984
1.37456
1.36893
1.36296
1.35668
1.35013
1.34337
1.3365
1.32964
1.51335
1.51057
1.50777
1.50491
1.50197
1.49893
1.49574
1.49239
1.48884
1.48509
1.48109
1.47683
1.47231
1.4675
1.46242
1.45708
1.4515
1.44573
1.43982
1.43386
1.42796
1.60299
1.60039
1.59776
1.59509
1.59234
1.5895
1.58653
1.58342
1.58015
1.57669
1.57303
1.56915
1.56505
1.56073
1.55619
1.55144
1.54652
1.54146
1.53632
1.53117
1.52612
1.69264
1.69023
1.68781
1.68534
1.68281
1.68019
1.67747
1.67462
1.67164
1.6685
1.66519
1.6617
1.65803
1.65417
1.65015
1.64597
1.64167
1.63727
1.63283
1.62841
1.6241
1.78228
1.78009
1.77789
1.77565
1.77335
1.77099
1.76853
1.76597
1.76329
1.76048
1.75752
1.75443
1.75118
1.74779
1.74427
1.74064
1.73691
1.73312
1.72932
1.72556
1.72191
1.87193
1.86997
1.86801
1.86602
1.86398
1.86187
1.8597
1.85743
1.85507
1.85259
1.85001
1.8473
1.84448
1.84155
1.83851
1.83539
1.83221
1.82899
1.82578
1.8226
1.81955
1.96157
1.95987
1.95816
1.95643
1.95466
1.95283
1.95095
1.94899
1.94695
1.94483
1.94261
1.9403
1.9379
1.93541
1.93284
1.93021
1.92754
1.92486
1.92218
1.91955
1.91704
2.05121
2.04978
2.04834
2.04688
2.04539
2.04386
2.04227
2.04063
2.03893
2.03716
2.03531
2.03339
2.0314
2.02934
2.02723
2.02508
2.0229
2.02071
2.01854
2.01641
2.01439
2.14086
2.1397
2.13854
2.13737
2.13616
2.13493
2.13366
2.13234
2.13097
2.12956
2.12808
2.12655
2.12497
2.12334
2.12167
2.11998
2.11826
2.11655
2.11485
2.11319
2.11163
2.2305
2.22963
2.22876
2.22787
2.22697
2.22604
2.22509
2.2241
2.22307
2.22201
2.22091
2.21977
2.21859
2.21738
2.21614
2.21489
2.21363
2.21237
2.21112
2.20991
2.20873
2.32015
2.31957
2.31899
2.3184
2.3178
2.31718
2.31655
2.31589
2.31521
2.31451
2.31378
2.31302
2.31225
2.31145
2.31064
2.30982
2.30899
2.30817
2.30736
2.30657
2.3058
2.40979
2.40951
2.40922
2.40894
2.40864
2.40834
2.40803
2.40771
2.40737
2.40703
2.40667
2.4063
2.40592
2.40554
2.40514
2.40475
2.40435
2.40396
2.40357
2.4032
2.40283
2.49944
2.49945
2.49947
2.49948
2.4995
2.49951
2.49952
2.49954
2.49955
2.49956
2.49958
2.49959
2.49961
2.49963
2.49966
2.49968
2.49971
2.49974
2.49978
2.4998
2.49983
0.684585
0.722774
0.756931
0.787036
0.81291
0.834357
0.851206
0.863323
0.870612
0.780641
0.818443
0.852234
0.881927
0.907413
0.928534
0.945133
0.957075
0.964261
0.877264
0.914065
0.947084
0.976064
1.00088
1.02141
1.03752
1.04911
1.05608
0.97405
1.00946
1.04132
1.06933
1.09328
1.11306
1.12856
1.13969
1.14638
1.07082
1.10457
1.135
1.16179
1.18471
1.20361
1.21841
1.22902
1.23539
1.16745
1.19938
1.22818
1.25356
1.27529
1.29321
1.30723
1.31728
1.3233
1.2639
1.29387
1.32089
1.34472
1.36514
1.382
1.39518
1.40462
1.41028
1.36012
1.38802
1.41317
1.43536
1.45438
1.4701
1.48239
1.49119
1.49647
1.4561
1.48185
1.50506
1.52553
1.54309
1.5576
1.56896
1.5771
1.58192
1.55184
1.57538
1.59659
1.61529
1.63134
1.64461
1.65501
1.6624
1.66686
1.64735
1.66863
1.68779
1.70469
1.7192
1.7312
1.74054
1.74728
1.75133
1.74265
1.76162
1.77871
1.79378
1.80672
1.81736
1.82575
1.83177
1.83539
1.83774
1.85439
1.86938
1.8826
1.89388
1.90328
1.91065
1.91593
1.91911
1.93266
1.94696
1.95983
1.97112
1.98087
1.98894
1.99527
1.99982
2.00255
2.02743
2.03936
2.05004
2.05952
2.06765
2.07439
2.07968
2.08348
2.08576
2.12206
2.13157
2.14017
2.14776
2.15428
2.15968
2.16392
2.16696
2.16879
2.21656
2.22372
2.23018
2.23588
2.24077
2.24483
2.24801
2.2503
2.25167
2.31102
2.3158
2.3201
2.32391
2.32717
2.32988
2.33201
2.33354
2.33445
2.40543
2.40782
2.40998
2.41188
2.41352
2.41488
2.41594
2.4167
2.41716
2.49983
2.49983
2.49983
2.49984
2.49984
2.49984
2.49984
2.49984
2.49983
0.684585
0.722774
0.756931
0.787036
0.81291
0.834357
0.851206
0.863323
0.870612
0.780641
0.818443
0.852234
0.881927
0.907413
0.928534
0.945133
0.957075
0.964261
0.877264
0.914065
0.947084
0.976064
1.00088
1.02141
1.03752
1.04911
1.05608
0.97405
1.00946
1.04132
1.06933
1.09328
1.11306
1.12856
1.13969
1.14638
1.07082
1.10457
1.135
1.16179
1.18471
1.20361
1.21841
1.22902
1.23539
1.16745
1.19938
1.22818
1.25356
1.27529
1.29321
1.30723
1.31728
1.3233
1.2639
1.29387
1.32089
1.34472
1.36514
1.382
1.39518
1.40462
1.41028
1.36012
1.38802
1.41317
1.43536
1.45438
1.4701
1.48239
1.49119
1.49647
1.4561
1.48185
1.50506
1.52553
1.54309
1.5576
1.56896
1.5771
1.58192
1.55184
1.57538
1.59659
1.61529
1.63134
1.64461
1.65501
1.6624
1.66686
1.64735
1.66863
1.68779
1.70469
1.7192
1.7312
1.74054
1.74728
1.75133
1.74265
1.76162
1.77871
1.79378
1.80672
1.81736
1.82575
1.83177
1.83539
1.83774
1.85439
1.86938
1.8826
1.89388
1.90328
1.91065
1.91593
1.91911
1.93266
1.94696
1.95983
1.97112
1.98087
1.98894
1.99527
1.99982
2.00255
2.02743
2.03936
2.05004
2.05952
2.06765
2.07439
2.07968
2.08348
2.08576
2.12206
2.13157
2.14017
2.14776
2.15428
2.15968
2.16392
2.16696
2.16879
2.21656
2.22372
2.23018
2.23588
2.24077
2.24483
2.24801
2.2503
2.25167
2.31102
2.3158
2.3201
2.32391
2.32717
2.32988
2.33201
2.33354
2.33445
2.40543
2.40782
2.40998
2.41188
2.41352
2.41488
2.41594
2.4167
2.41716
2.49983
2.49983
2.49983
2.49984
2.49984
2.49984
2.49984
2.49984
2.49983
0
0
0
0
0
0
0
0
0
0
0
0
0
0
0
0
0
0
0
0
0
0
0
0
0
0
0
0
0
0
0
0
0
0
0
0
0
0
0
0
0.069826
0.0701207
0.0703136
0.0704412
0.0705261
0.0705831
0.0706212
0.070647
0.0706642
0.070676
0.0706837
0.0706892
0.0706926
0.0706951
0.0706966
0.0706978
0.0706984
0.0706991
0.0706992
0.0706996
0.0706996
0.0706999
0.0706997
0.0707
0.0706999
0.0707001
0.0706999
0.0707002
0.0707
0.0707002
0.0707001
0.0707003
0.0707001
0.0707003
0.0707001
0.0707003
0.0707001
0.0707002
0.0707001
0.0707002
0.13966
0.140247
0.14063
0.140885
0.141054
0.141167
0.141243
0.141294
0.141329
0.141352
0.141368
0.141378
0.141385
0.14139
0.141393
0.141396
0.141397
0.141398
0.141398
0.141399
0.141399
0.1414
0.141399
0.1414
0.1414
0.1414
0.1414
0.1414
0.1414
0.1414
0.1414
0.141401
0.1414
0.141401
0.1414
0.141401
0.1414
0.1414
0.1414
0.1414
0.209512
0.210383
0.210954
0.211332
0.211584
0.211753
0.211866
0.211943
0.211994
0.212029
0.212052
0.212068
0.212078
0.212086
0.21209
0.212094
0.212095
0.212097
0.212098
0.212099
0.212099
0.2121
0.212099
0.2121
0.2121
0.2121
0.2121
0.212101
0.2121
0.212101
0.2121
0.212101
0.2121
0.212101
0.2121
0.212101
0.2121
0.212101
0.2121
0.212101
0.279387
0.280534
0.281287
0.281786
0.282119
0.282342
0.282491
0.282592
0.28266
0.282706
0.282736
0.282758
0.282771
0.282781
0.282786
0.282792
0.282794
0.282796
0.282797
0.282798
0.282798
0.2828
0.282799
0.2828
0.2828
0.2828
0.2828
0.282801
0.2828
0.282801
0.2828
0.282801
0.2828
0.282801
0.2828
0.282801
0.2828
0.282801
0.2828
0.282801
0.349295
0.350706
0.351634
0.352249
0.352659
0.352934
0.353119
0.353243
0.353326
0.353384
0.353421
0.353448
0.353464
0.353477
0.353483
0.35349
0.353492
0.353496
0.353496
0.353498
0.353498
0.353499
0.353499
0.3535
0.353499
0.3535
0.353499
0.353501
0.3535
0.353501
0.3535
0.353501
0.3535
0.353501
0.3535
0.353501
0.3535
0.353501
0.3535
0.353501
0.419243
0.420903
0.421996
0.422722
0.423206
0.423531
0.423749
0.423897
0.423995
0.424063
0.424107
0.424138
0.424157
0.424172
0.42418
0.424188
0.424191
0.424195
0.424195
0.424198
0.424198
0.424199
0.424198
0.4242
0.424199
0.424201
0.424199
0.424201
0.4242
0.424201
0.4242
0.424202
0.424201
0.424202
0.424201
0.424202
0.424201
0.424201
0.424201
0.424201
0.489236
0.491128
0.492377
0.493207
0.493762
0.494134
0.494383
0.494552
0.494665
0.494743
0.494793
0.494829
0.494851
0.494868
0.494877
0.494886
0.494889
0.494894
0.494895
0.494898
0.494897
0.494899
0.494898
0.4949
0.494899
0.494901
0.494899
0.494901
0.4949
0.494901
0.4949
0.494902
0.494901
0.494902
0.494901
0.494902
0.494901
0.494901
0.494901
0.494901
0.559281
0.561387
0.562779
0.563707
0.564326
0.564743
0.565022
0.565211
0.565337
0.565424
0.56548
0.565521
0.565545
0.565565
0.565575
0.565584
0.565588
0.565593
0.565594
0.565597
0.565597
0.565599
0.565598
0.5656
0.565599
0.565601
0.565599
0.565602
0.5656
0.565602
0.5656
0.565602
0.565601
0.565602
0.565601
0.565602
0.565601
0.565602
0.565601
0.565602
0.629383
0.631682
0.633206
0.634222
0.634901
0.635358
0.635665
0.635873
0.636011
0.636106
0.636168
0.636213
0.63624
0.636261
0.636272
0.636283
0.636287
0.636293
0.636293
0.636297
0.636296
0.636299
0.636298
0.6363
0.636299
0.636301
0.636299
0.636302
0.6363
0.636302
0.6363
0.636303
0.636301
0.636303
0.636301
0.636303
0.636301
0.636302
0.636301
0.636302
0.699546
0.702016
0.703658
0.704754
0.705488
0.705982
0.706313
0.706538
0.706687
0.706791
0.706858
0.706906
0.706935
0.706958
0.70697
0.706981
0.706986
0.706992
0.706993
0.706997
0.706996
0.706999
0.706997
0.707
0.706999
0.707001
0.706999
0.707002
0.707
0.707002
0.707
0.707003
0.707001
0.707003
0.707001
0.707003
0.707001
0.707002
0.707001
0.707002
0
0
0
0
0
0
0
0
0
0
0
0
0
0
0
0
0
0
0
0
0
0
0
0
0
0
0
0
0
0
0
0
0
0
0
0
0
0
0
0
0.069826
0.0701207
0.0703136
0.0704412
0.0705261
0.0705831
0.0706212
0.070647
0.0706642
0.070676
0.0706837
0.0706892
0.0706926
0.0706951
0.0706966
0.0706978
0.0706984
0.0706991
0.0706992
0.0706996
0.0706996
0.0706999
0.0706997
0.0707
0.0706999
0.0707001
0.0706999
0.0707002
0.0707
0.0707002
0.0707001
0.0707003
0.0707001
0.0707003
0.0707001
0.0707003
0.0707001
0.0707002
0.0707001
0.0707002
0.13966
0.140247
0.14063
0.140885
0.141054
0.141167
0.141243
0.141294
0.141329
0.141352
0.141368
0.141378
0.141385
0.14139
0.141393
0.141396
0.141397
0.141398
0.141398
0.141399
0.141399
0.1414
0.141399
0.1414
0.1414
0.1414
0.1414
0.1414
0.1414
0.1414
0.1414
0.141401
0.1414
0.141401
0.1414
0.141401
0.1414
0.1414
0.1414
0.1414
0.209512
0.210383
0.210954
0.211332
0.211584
0.211753
0.211866
0.211943
0.211994
0.212029
0.212052
0.212068
0.212078
0.212086
0.21209
0.212094
0.212095
0.212097
0.212098
0.212099
0.212099
0.2121
0.212099
0.2121
0.2121
0.2121
0.2121
0.212101
0.2121
0.212101
0.2121
0.212101
0.2121
0.212101
0.2121
0.212101
0.2121
0.212101
0.2121
0.212101
0.279387
0.280534
0.281287
0.281786
0.282119
0.282342
0.282491
0.282592
0.28266
0.282706
0.282736
0.282758
0.282771
0.282781
0.282786
0.282792
0.282794
0.282796
0.282797
0.282798
0.282798
0.2828
0.282799
0.2828
0.2828
0.2828
0.2828
0.282801
0.2828
0.282801
0.2828
0.282801
0.2828
0.282801
0.2828
0.282801
0.2828
0.282801
0.2828
0.282801
0.349295
0.350706
0.351634
0.352249
0.352659
0.352934
0.353119
0.353243
0.353326
0.353384
0.353421
0.353448
0.353464
0.353477
0.353483
0.35349
0.353492
0.353496
0.353496
0.353498
0.353498
0.353499
0.353499
0.3535
0.353499
0.3535
0.353499
0.353501
0.3535
0.353501
0.3535
0.353501
0.3535
0.353501
0.3535
0.353501
0.3535
0.353501
0.3535
0.353501
0.419243
0.420903
0.421996
0.422722
0.423206
0.423531
0.423749
0.423897
0.423995
0.424063
0.424107
0.424138
0.424157
0.424172
0.42418
0.424188
0.424191
0.424195
0.424195
0.424198
0.424198
0.424199
0.424198
0.4242
0.424199
0.424201
0.424199
0.424201
0.4242
0.424201
0.4242
0.424202
0.424201
0.424202
0.424201
0.424202
0.424201
0.424201
0.424201
0.424201
0.489236
0.491128
0.492377
0.493207
0.493762
0.494134
0.494383
0.494552
0.494665
0.494743
0.494793
0.494829
0.494851
0.494868
0.494877
0.494886
0.494889
0.494894
0.494895
0.494898
0.494897
0.494899
0.494898
0.4949
0.494899
0.494901
0.494899
0.494901
0.4949
0.494901
0.4949
0.494902
0.494901
0.494902
0.494901
0.494902
0.494901
0.494901
0.494901
0.494901
0.559281
0.561387
0.562779
0.563707
0.564326
0.564743
0.565022
0.565211
0.565337
0.565424
0.56548
0.565521
0.565545
0.565565
0.565575
0.565584
0.565588
0.565593
0.565594
0.565597
0.565597
0.565599
0.565598
0.5656
0.565599
0.565601
0.565599
0.565602
0.5656
0.565602
0.5656
0.565602
0.565601
0.565602
0.565601
0.565602
0.565601
0.565602
0.565601
0.565602
0.629383
0.631682
0.633206
0.634222
0.634901
0.635358
0.635665
0.635873
0.636011
0.636106
0.636168
0.636213
0.63624
0.636261
0.636272
0.636283
0.636287
0.636293
0.636293
0.636297
0.636296
0.636299
0.636298
0.6363
0.636299
0.636301
0.636299
0.636302
0.6363
0.636302
0.6363
0.636303
0.636301
0.636303
0.636301
0.636303
0.636301
0.636302
0.636301
0.636302
0.699546
0.702016
0.703658
0.704754
0.705488
0.705982
0.706313
0.706538
0.706687
0.706791
0.706858
0.706906
0.706935
0.706958
0.70697
0.706981
0.706986
0.706992
0.706993
0.706997
0.706996
0.706999
0.706997
0.707
0.706999
0.707001
0.706999
0.707002
0.707
0.707002
0.707
0.707003
0.707001
0.707003
0.707001
0.707003
0.707001
0.707002
0.707001
0.707002
0.788591
0.791245
0.793014
0.794199
0.794992
0.795527
0.795886
0.79613
0.796292
0.796404
0.796477
0.796529
0.796561
0.796585
0.796598
0.796611
0.796616
0.796622
0.796623
0.796628
0.796627
0.79663
0.796628
0.796631
0.79663
0.796632
0.79663
0.796633
0.796631
0.796633
0.796632
0.796634
0.796632
0.796634
0.796632
0.796634
0.796632
0.796633
0.796632
0.796633
0.877747
0.880547
0.882419
0.883675
0.884518
0.885087
0.885469
0.885729
0.885901
0.886021
0.886098
0.886154
0.886187
0.886214
0.886227
0.886241
0.886246
0.886253
0.886254
0.886258
0.886258
0.886261
0.886259
0.886262
0.886261
0.886263
0.886261
0.886265
0.886262
0.886265
0.886263
0.886266
0.886263
0.886266
0.886263
0.886266
0.886263
0.886265
0.886264
0.886265
0.967019
0.969925
0.971875
0.973186
0.974067
0.974663
0.975062
0.975334
0.975515
0.97564
0.975721
0.97578
0.975815
0.975843
0.975857
0.975871
0.975876
0.975884
0.975884
0.975889
0.975888
0.975892
0.97589
0.975893
0.975892
0.975895
0.975892
0.975896
0.975893
0.975896
0.975894
0.975897
0.975895
0.975897
0.975895
0.975897
0.975895
0.975896
0.975895
0.975896
1.05641
1.05938
1.06138
1.06273
1.06364
1.06425
1.06467
1.06495
1.06513
1.06526
1.06535
1.06541
1.06544
1.06547
1.06549
1.0655
1.06551
1.06551
1.06551
1.06552
1.06552
1.06552
1.06552
1.06552
1.06552
1.06553
1.06552
1.06553
1.06552
1.06553
1.06553
1.06553
1.06553
1.06553
1.06553
1.06553
1.06553
1.06553
1.06553
1.06553
1.14592
1.14892
1.15094
1.15231
1.15324
1.15386
1.15428
1.15457
1.15476
1.15489
1.15497
1.15504
1.15507
1.1551
1.15512
1.15513
1.15514
1.15515
1.15515
1.15515
1.15515
1.15515
1.15515
1.15516
1.15515
1.15516
1.15515
1.15516
1.15516
1.15516
1.15516
1.15516
1.15516
1.15516
1.15516
1.15516
1.15516
1.15516
1.15516
1.15516
1.23555
1.23854
1.24056
1.24193
1.24286
1.24349
1.24391
1.2442
1.24439
1.24452
1.2446
1.24467
1.2447
1.24473
1.24475
1.24476
1.24477
1.24478
1.24478
1.24478
1.24478
1.24479
1.24478
1.24479
1.24479
1.24479
1.24479
1.24479
1.24479
1.24479
1.24479
1.24479
1.24479
1.24479
1.24479
1.24479
1.24479
1.24479
1.24479
1.24479
1.32529
1.32823
1.33023
1.33159
1.3325
1.33313
1.33354
1.33383
1.33402
1.33415
1.33424
1.3343
1.33434
1.33437
1.33438
1.33439
1.3344
1.33441
1.33441
1.33441
1.33441
1.33442
1.33441
1.33442
1.33442
1.33442
1.33442
1.33442
1.33442
1.33442
1.33442
1.33442
1.33442
1.33442
1.33442
1.33442
1.33442
1.33442
1.33442
1.33442
1.41515
1.418
1.41995
1.42128
1.42217
1.42278
1.42319
1.42347
1.42366
1.42379
1.42387
1.42393
1.42397
1.424
1.42401
1.42403
1.42403
1.42404
1.42404
1.42405
1.42404
1.42405
1.42405
1.42405
1.42405
1.42405
1.42405
1.42405
1.42405
1.42405
1.42405
1.42405
1.42405
1.42405
1.42405
1.42405
1.42405
1.42405
1.42405
1.42405
1.50512
1.50785
1.50972
1.511
1.51187
1.51246
1.51285
1.51312
1.5133
1.51343
1.51351
1.51357
1.5136
1.51363
1.51364
1.51366
1.51366
1.51367
1.51367
1.51368
1.51367
1.51368
1.51368
1.51368
1.51368
1.51368
1.51368
1.51368
1.51368
1.51368
1.51368
1.51369
1.51368
1.51369
1.51368
1.51369
1.51368
1.51368
1.51368
1.51368
1.59518
1.59777
1.59955
1.60076
1.60158
1.60215
1.60252
1.60278
1.60295
1.60307
1.60315
1.60321
1.60324
1.60326
1.60328
1.60329
1.60329
1.6033
1.6033
1.60331
1.60331
1.60331
1.60331
1.60331
1.60331
1.60331
1.60331
1.60331
1.60331
1.60332
1.60331
1.60332
1.60331
1.60332
1.60331
1.60332
1.60331
1.60332
1.60331
1.60332
1.68535
1.68776
1.68941
1.69055
1.69132
1.69185
1.6922
1.69245
1.69261
1.69272
1.69279
1.69284
1.69287
1.6929
1.69291
1.69292
1.69293
1.69293
1.69293
1.69294
1.69294
1.69294
1.69294
1.69294
1.69294
1.69294
1.69294
1.69295
1.69294
1.69295
1.69294
1.69295
1.69294
1.69295
1.69294
1.69295
1.69294
1.69295
1.69295
1.69295
1.7756
1.77781
1.77933
1.78037
1.78108
1.78157
1.78189
1.78212
1.78226
1.78237
1.78243
1.78248
1.78251
1.78253
1.78254
1.78256
1.78256
1.78257
1.78256
1.78257
1.78257
1.78257
1.78257
1.78257
1.78257
1.78258
1.78257
1.78258
1.78257
1.78258
1.78257
1.78258
1.78258
1.78258
1.78258
1.78258
1.78258
1.78258
1.78258
1.78258
1.86593
1.86791
1.86928
1.87022
1.87086
1.8713
1.87159
1.87179
1.87193
1.87202
1.87208
1.87212
1.87215
1.87217
1.87218
1.87219
1.87219
1.8722
1.8722
1.8722
1.8722
1.8722
1.8722
1.87221
1.8722
1.87221
1.8722
1.87221
1.8722
1.87221
1.87221
1.87221
1.87221
1.87221
1.87221
1.87221
1.87221
1.87221
1.87221
1.87221
1.95633
1.95806
1.95926
1.96009
1.96065
1.96104
1.9613
1.96148
1.96159
1.96168
1.96173
1.96177
1.96179
1.96181
1.96181
1.96182
1.96182
1.96183
1.96183
1.96183
1.96183
1.96184
1.96183
1.96184
1.96183
1.96184
1.96183
1.96184
1.96184
1.96184
1.96184
1.96184
1.96184
1.96184
1.96184
1.96184
1.96184
1.96184
1.96184
1.96184
2.04679
2.04826
2.04928
2.04998
2.05046
2.05079
2.05101
2.05116
2.05126
2.05133
2.05137
2.05141
2.05142
2.05144
2.05145
2.05146
2.05146
2.05146
2.05146
2.05147
2.05146
2.05147
2.05146
2.05147
2.05146
2.05147
2.05147
2.05147
2.05147
2.05147
2.05147
2.05147
2.05147
2.05147
2.05147
2.05147
2.05147
2.05147
2.05147
2.05147
2.1373
2.1385
2.13932
2.1399
2.14028
2.14055
2.14073
2.14085
2.14093
2.14099
2.14102
2.14105
2.14106
2.14108
2.14108
2.14109
2.14109
2.1411
2.14109
2.1411
2.14109
2.1411
2.14109
2.1411
2.1411
2.1411
2.1411
2.1411
2.1411
2.1411
2.1411
2.14111
2.1411
2.14111
2.1411
2.14111
2.1411
2.1411
2.1411
2.1411
2.22786
2.22876
2.22939
2.22982
2.23012
2.23032
2.23045
2.23055
2.23061
2.23065
2.23067
2.2307
2.2307
2.23072
2.23072
2.23073
2.23072
2.23073
2.23072
2.23073
2.23072
2.23073
2.23073
2.23073
2.23073
2.23073
2.23073
2.23073
2.23073
2.23074
2.23073
2.23074
2.23073
2.23074
2.23073
2.23074
2.23073
2.23074
2.23073
2.23074
2.31844
2.31905
2.31947
2.31976
2.31996
2.32009
2.32018
2.32024
2.32028
2.32031
2.32033
2.32034
2.32035
2.32036
2.32035
2.32036
2.32035
2.32036
2.32036
2.32036
2.32036
2.32036
2.32036
2.32036
2.32036
2.32036
2.32036
2.32037
2.32036
2.32037
2.32036
2.32037
2.32036
2.32037
2.32036
2.32037
2.32036
2.32037
2.32036
2.32037
2.40905
2.40935
2.40956
2.40971
2.4098
2.40987
2.40991
2.40994
2.40996
2.40998
2.40998
2.40999
2.40999
2.40999
2.40999
2.40999
2.40999
2.40999
2.40999
2.40999
2.40999
2.40999
2.40999
2.40999
2.40999
2.41
2.40999
2.41
2.40999
2.41
2.40999
2.41
2.40999
2.41
2.40999
2.41
2.40999
2.41
2.41
2.41
2.49966
2.49966
2.49966
2.49965
2.49965
2.49965
2.49964
2.49964
2.49964
2.49964
2.49963
2.49963
2.49963
2.49963
2.49962
2.49963
2.49962
2.49963
2.49962
2.49962
2.49962
2.49962
2.49962
2.49962
2.49962
2.49963
2.49962
2.49963
2.49962
2.49963
2.49962
2.49963
2.49962
2.49963
2.49962
2.49963
2.49963
2.49963
2.49963
2.49963
0.788591
0.791245
0.793014
0.794199
0.794992
0.795527
0.795886
0.79613
0.796292
0.796404
0.796477
0.796529
0.796561
0.796585
0.796598
0.796611
0.796616
0.796622
0.796623
0.796628
0.796627
0.79663
0.796628
0.796631
0.79663
0.796632
0.79663
0.796633
0.796631
0.796633
0.796632
0.796634
0.796632
0.796634
0.796632
0.796634
0.796632
0.796633
0.796632
0.796633
0.877747
0.880547
0.882419
0.883675
0.884518
0.885087
0.885469
0.885729
0.885901
0.886021
0.886098
0.886154
0.886187
0.886214
0.886227
0.886241
0.886246
0.886253
0.886254
0.886258
0.886258
0.886261
0.886259
0.886262
0.886261
0.886263
0.886261
0.886265
0.886262
0.886265
0.886263
0.886266
0.886263
0.886266
0.886263
0.886266
0.886263
0.886265
0.886264
0.886265
0.967019
0.969925
0.971875
0.973186
0.974067
0.974663
0.975062
0.975334
0.975515
0.97564
0.975721
0.97578
0.975815
0.975843
0.975857
0.975871
0.975876
0.975884
0.975884
0.975889
0.975888
0.975892
0.97589
0.975893
0.975892
0.975895
0.975892
0.975896
0.975893
0.975896
0.975894
0.975897
0.975895
0.975897
0.975895
0.975897
0.975895
0.975896
0.975895
0.975896
1.05641
1.05938
1.06138
1.06273
1.06364
1.06425
1.06467
1.06495
1.06513
1.06526
1.06535
1.06541
1.06544
1.06547
1.06549
1.0655
1.06551
1.06551
1.06551
1.06552
1.06552
1.06552
1.06552
1.06552
1.06552
1.06553
1.06552
1.06553
1.06552
1.06553
1.06553
1.06553
1.06553
1.06553
1.06553
1.06553
1.06553
1.06553
1.06553
1.06553
1.14592
1.14892
1.15094
1.15231
1.15324
1.15386
1.15428
1.15457
1.15476
1.15489
1.15497
1.15504
1.15507
1.1551
1.15512
1.15513
1.15514
1.15515
1.15515
1.15515
1.15515
1.15515
1.15515
1.15516
1.15515
1.15516
1.15515
1.15516
1.15516
1.15516
1.15516
1.15516
1.15516
1.15516
1.15516
1.15516
1.15516
1.15516
1.15516
1.15516
1.23555
1.23854
1.24056
1.24193
1.24286
1.24349
1.24391
1.2442
1.24439
1.24452
1.2446
1.24467
1.2447
1.24473
1.24475
1.24476
1.24477
1.24478
1.24478
1.24478
1.24478
1.24479
1.24478
1.24479
1.24479
1.24479
1.24479
1.24479
1.24479
1.24479
1.24479
1.24479
1.24479
1.24479
1.24479
1.24479
1.24479
1.24479
1.24479
1.24479
1.32529
1.32823
1.33023
1.33159
1.3325
1.33313
1.33354
1.33383
1.33402
1.33415
1.33424
1.3343
1.33434
1.33437
1.33438
1.33439
1.3344
1.33441
1.33441
1.33441
1.33441
1.33442
1.33441
1.33442
1.33442
1.33442
1.33442
1.33442
1.33442
1.33442
1.33442
1.33442
1.33442
1.33442
1.33442
1.33442
1.33442
1.33442
1.33442
1.33442
1.41515
1.418
1.41995
1.42128
1.42217
1.42278
1.42319
1.42347
1.42366
1.42379
1.42387
1.42393
1.42397
1.424
1.42401
1.42403
1.42403
1.42404
1.42404
1.42405
1.42404
1.42405
1.42405
1.42405
1.42405
1.42405
1.42405
1.42405
1.42405
1.42405
1.42405
1.42405
1.42405
1.42405
1.42405
1.42405
1.42405
1.42405
1.42405
1.42405
1.50512
1.50785
1.50972
1.511
1.51187
1.51246
1.51285
1.51312
1.5133
1.51343
1.51351
1.51357
1.5136
1.51363
1.51364
1.51366
1.51366
1.51367
1.51367
1.51368
1.51367
1.51368
1.51368
1.51368
1.51368
1.51368
1.51368
1.51368
1.51368
1.51368
1.51368
1.51369
1.51368
1.51369
1.51368
1.51369
1.51368
1.51368
1.51368
1.51368
1.59518
1.59777
1.59955
1.60076
1.60158
1.60215
1.60252
1.60278
1.60295
1.60307
1.60315
1.60321
1.60324
1.60326
1.60328
1.60329
1.60329
1.6033
1.6033
1.60331
1.60331
1.60331
1.60331
1.60331
1.60331
1.60331
1.60331
1.60331
1.60331
1.60332
1.60331
1.60332
1.60331
1.60332
1.60331
1.60332
1.60331
1.60332
1.60331
1.60332
1.68535
1.68776
1.68941
1.69055
1.69132
1.69185
1.6922
1.69245
1.69261
1.69272
1.69279
1.69284
1.69287
1.6929
1.69291
1.69292
1.69293
1.69293
1.69293
1.69294
1.69294
1.69294
1.69294
1.69294
1.69294
1.69294
1.69294
1.69295
1.69294
1.69295
1.69294
1.69295
1.69294
1.69295
1.69294
1.69295
1.69294
1.69295
1.69295
1.69295
1.7756
1.77781
1.77933
1.78037
1.78108
1.78157
1.78189
1.78212
1.78226
1.78237
1.78243
1.78248
1.78251
1.78253
1.78254
1.78256
1.78256
1.78257
1.78256
1.78257
1.78257
1.78257
1.78257
1.78257
1.78257
1.78258
1.78257
1.78258
1.78257
1.78258
1.78257
1.78258
1.78258
1.78258
1.78258
1.78258
1.78258
1.78258
1.78258
1.78258
1.86593
1.86791
1.86928
1.87022
1.87086
1.8713
1.87159
1.87179
1.87193
1.87202
1.87208
1.87212
1.87215
1.87217
1.87218
1.87219
1.87219
1.8722
1.8722
1.8722
1.8722
1.8722
1.8722
1.87221
1.8722
1.87221
1.8722
1.87221
1.8722
1.87221
1.87221
1.87221
1.87221
1.87221
1.87221
1.87221
1.87221
1.87221
1.87221
1.87221
1.95633
1.95806
1.95926
1.96009
1.96065
1.96104
1.9613
1.96148
1.96159
1.96168
1.96173
1.96177
1.96179
1.96181
1.96181
1.96182
1.96182
1.96183
1.96183
1.96183
1.96183
1.96184
1.96183
1.96184
1.96183
1.96184
1.96183
1.96184
1.96184
1.96184
1.96184
1.96184
1.96184
1.96184
1.96184
1.96184
1.96184
1.96184
1.96184
1.96184
2.04679
2.04826
2.04928
2.04998
2.05046
2.05079
2.05101
2.05116
2.05126
2.05133
2.05137
2.05141
2.05142
2.05144
2.05145
2.05146
2.05146
2.05146
2.05146
2.05147
2.05146
2.05147
2.05146
2.05147
2.05146
2.05147
2.05147
2.05147
2.05147
2.05147
2.05147
2.05147
2.05147
2.05147
2.05147
2.05147
2.05147
2.05147
2.05147
2.05147
2.1373
2.1385
2.13932
2.1399
2.14028
2.14055
2.14073
2.14085
2.14093
2.14099
2.14102
2.14105
2.14106
2.14108
2.14108
2.14109
2.14109
2.1411
2.14109
2.1411
2.14109
2.1411
2.14109
2.1411
2.1411
2.1411
2.1411
2.1411
2.1411
2.1411
2.1411
2.14111
2.1411
2.14111
2.1411
2.14111
2.1411
2.1411
2.1411
2.1411
2.22786
2.22876
2.22939
2.22982
2.23012
2.23032
2.23045
2.23055
2.23061
2.23065
2.23067
2.2307
2.2307
2.23072
2.23072
2.23073
2.23072
2.23073
2.23072
2.23073
2.23072
2.23073
2.23073
2.23073
2.23073
2.23073
2.23073
2.23073
2.23073
2.23074
2.23073
2.23074
2.23073
2.23074
2.23073
2.23074
2.23073
2.23074
2.23073
2.23074
2.31844
2.31905
2.31947
2.31976
2.31996
2.32009
2.32018
2.32024
2.32028
2.32031
2.32033
2.32034
2.32035
2.32036
2.32035
2.32036
2.32035
2.32036
2.32036
2.32036
2.32036
2.32036
2.32036
2.32036
2.32036
2.32036
2.32036
2.32037
2.32036
2.32037
2.32036
2.32037
2.32036
2.32037
2.32036
2.32037
2.32036
2.32037
2.32036
2.32037
2.40905
2.40935
2.40956
2.40971
2.4098
2.40987
2.40991
2.40994
2.40996
2.40998
2.40998
2.40999
2.40999
2.40999
2.40999
2.40999
2.40999
2.40999
2.40999
2.40999
2.40999
2.40999
2.40999
2.40999
2.40999
2.41
2.40999
2.41
2.40999
2.41
2.40999
2.41
2.40999
2.41
2.40999
2.41
2.40999
2.41
2.41
2.41
2.49966
2.49966
2.49966
2.49965
2.49965
2.49965
2.49964
2.49964
2.49964
2.49964
2.49963
2.49963
2.49963
2.49963
2.49962
2.49963
2.49962
2.49963
2.49962
2.49962
2.49962
2.49962
2.49962
2.49962
2.49962
2.49963
2.49962
2.49963
2.49962
2.49963
2.49962
2.49963
2.49962
2.49963
2.49962
2.49963
2.49963
2.49963
2.49963
2.49963
)
;

boundaryField
{
    down
    {
        type            symmetryPlane;
    }
    right
    {
        type            calculated;
    }
    up
    {
        type            symmetryPlane;
    }
    left
    {
        type            calculated;
    }
    cylinder
    {
        type            symmetry;
    }
    defaultFaces
    {
        type            empty;
    }
}


// ************************************************************************* //
