/*--------------------------------*- C++ -*----------------------------------*\
| =========                 |                                                 |
| \\      /  F ield         | OpenFOAM: The Open Source CFD Toolbox           |
|  \\    /   O peration     | Version:  2312                                  |
|   \\  /    A nd           | Website:  www.openfoam.com                      |
|    \\/     M anipulation  |                                                 |
\*---------------------------------------------------------------------------*/
FoamFile
{
    version     2.0;
    format      ascii;
    arch        "LSB;label=32;scalar=64";
    class       volVectorField;
    location    "0";
    object      U;
}
// * * * * * * * * * * * * * * * * * * * * * * * * * * * * * * * * * * * * * //

dimensions      [0 1 -1 0 0 0 0];

internalField   nonuniform List<vector> 
3200
(
(1.10773 -0.933547 5.61828e-20)
(1.09588 -0.778017 -3.47321e-20)
(1.08674 -0.658205 2.05602e-21)
(1.07958 -0.563957 -2.347e-20)
(1.07388 -0.488487 -3.31113e-20)
(1.06931 -0.427134 2.35516e-20)
(1.06561 -0.376598 -9.82611e-21)
(1.06261 -0.334471 -8.11875e-21)
(1.06018 -0.298885 -3.58702e-20)
(1.0583 -0.268161 -1.55292e-20)
(1.25328 -0.910847 6.76865e-20)
(1.21727 -0.75909 8.4747e-21)
(1.18953 -0.642203 6.04535e-21)
(1.16773 -0.550272 -7.36735e-20)
(1.1503 -0.476677 1.84265e-20)
(1.13616 -0.416867 3.01817e-20)
(1.12456 -0.367631 -5.3758e-20)
(1.11495 -0.326645 -5.09113e-21)
(1.107 -0.2922 1.21777e-20)
(1.10053 -0.263025 4.07305e-21)
(1.3935 -0.865663 2.52769e-20)
(1.3342 -0.721419 4.00804e-20)
(1.28853 -0.610329 3.52974e-20)
(1.25262 -0.522965 -5.89126e-20)
(1.22387 -0.453035 1.33757e-20)
(1.2005 -0.396214 5.39705e-20)
(1.18124 -0.34946 -9.3685e-20)
(1.16514 -0.310603 4.71851e-20)
(1.15151 -0.278098 6.72203e-20)
(1.13974 -0.250908 4.96235e-20)
(1.52492 -0.79911 -4.11908e-20)
(1.4438 -0.665934 5.49026e-20)
(1.38132 -0.563371 7.02395e-21)
(1.33218 -0.482711 6.86644e-20)
(1.29284 -0.418138 -1.41182e-21)
(1.26084 -0.365652 4.43256e-20)
(1.23443 -0.322431 -1.88597e-20)
(1.21233 -0.286437 1.56765e-20)
(1.19358 -0.25616 -1.55023e-20)
(1.17739 -0.230441 5.38637e-20)
(1.6443 -0.71282 -9.67093e-20)
(1.54335 -0.593996 4.2161e-21)
(1.46561 -0.502483 -6.52157e-21)
(1.40447 -0.430505 4.87304e-20)
(1.35552 -0.372868 -2.11808e-20)
(1.31571 -0.325992 -1.47916e-21)
(1.28288 -0.287344 1.50192e-20)
(1.25544 -0.255082 -2.68229e-20)
(1.23224 -0.227829 -7.05891e-20)
(1.21237 -0.204518 1.14731e-21)
(1.7487 -0.608917 -2.11747e-20)
(1.63041 -0.507378 -4.02527e-20)
(1.53932 -0.429175 5.6913e-21)
(1.4677 -0.367657 -7.13847e-20)
(1.41037 -0.31838 -3.82281e-20)
(1.36377 -0.278281 1.8794e-20)
(1.32536 -0.245189 -3.41486e-20)
(1.29332 -0.217524 -8.47103e-21)
(1.26631 -0.194109 -2.77598e-20)
(1.24332 -0.174044 1.03707e-20)
(1.83553 -0.489961 3.50972e-20)
(1.70282 -0.40822 -2.80957e-20)
(1.60064 -0.34526 -2.76724e-20)
(1.52031 -0.295728 -6.77676e-20)
(1.45602 -0.256041 2.64135e-20)
(1.40378 -0.223734 5.0642e-21)
(1.36077 -0.197056 -2.6905e-20)
(1.32493 -0.174737 -3.39104e-20)
(1.29477 -0.155835 4.05931e-21)
(1.26917 -0.139638 -4.47808e-20)
(1.90264 -0.358885 1.06954e-20)
(1.75878 -0.298968 -2.87662e-20)
(1.64803 -0.252815 -4.20178e-20)
(1.56098 -0.216501 -1.83784e-20)
(1.49132 -0.187401 3.40668e-20)
(1.43474 -0.163704 -3.49564e-20)
(1.38817 -0.144131 -6.80105e-21)
(1.3494 -0.127752 -1.80634e-20)
(1.3168 -0.113881 2.87727e-20)
(1.28917 -0.102001 -2.30532e-20)
(1.94837 -0.218926 -1.02002e-20)
(1.79692 -0.182319 -4.42771e-21)
(1.68033 -0.154119 -1.49939e-20)
(1.58869 -0.13193 4.64266e-21)
(1.51538 -0.114146 -5.0462e-21)
(1.45584 -0.0996636 -1.17754e-20)
(1.40685 -0.0876996 7.16627e-21)
(1.36608 -0.0776876 3.70381e-21)
(1.33183 -0.0692099 4.04976e-21)
(1.3028 -0.0619537 1.02385e-21)
(1.97158 -0.0735375 -1.12013e-20)
(1.81627 -0.0611514 -3.52899e-21)
(1.69672 -0.0516075 7.4378e-22)
(1.60275 -0.0440962 -3.92298e-21)
(1.52759 -0.0380765 -8.76333e-21)
(1.46655 -0.0331742 1.41814e-21)
(1.41633 -0.0291251 -5.99228e-21)
(1.37455 -0.0257375 1.38957e-21)
(1.33945 -0.02287 5.07113e-22)
(1.30971 -0.0204173 -8.35171e-21)
(0.0999482 -0.0732822 -3.1586e-22)
(0.254627 -0.0610829 1.03067e-21)
(0.373673 -0.0516731 -5.38586e-22)
(0.467192 -0.0442619 -5.88694e-22)
(0.541961 -0.0383197 -2.63695e-21)
(0.60265 -0.0334836 -4.88173e-21)
(0.652567 -0.0294983 1.54893e-21)
(0.694111 -0.0261819 2.34758e-21)
(0.72906 -0.0234035 1.59565e-21)
(0.758765 -0.021069 3.10114e-21)
(0.122899 -0.218031 -1.1924e-21)
(0.273801 -0.181736 1.89432e-21)
(0.38993 -0.153738 -2.5509e-21)
(0.481154 -0.131685 -3.87125e-21)
(0.55408 -0.114 2.25245e-21)
(0.613263 -0.0996028 -6.84937e-22)
(0.661923 -0.087733 -3.28369e-21)
(0.702394 -0.0778479 -2.24059e-21)
(0.736403 -0.0695534 1.30634e-20)
(0.765246 -0.0625625 2.44836e-20)
(0.168239 -0.357437 2.3378e-21)
(0.311675 -0.297933 5.69044e-21)
(0.422049 -0.25203 2.91519e-21)
(0.508743 -0.215867 1.48585e-20)
(0.578037 -0.186861 1.52378e-21)
(0.634255 -0.163236 -1.559e-20)
(0.680449 -0.143743 1.22016e-20)
(0.71883 -0.127489 -3.05402e-21)
(0.751031 -0.113821 2.82688e-21)
(0.778287 -0.102264 3.79323e-20)
(0.234872 -0.488122 8.46247e-21)
(0.367334 -0.40685 2.54723e-21)
(0.469253 -0.344156 -1.75589e-20)
(0.5493 -0.294761 -2.63377e-20)
(0.613271 -0.255131 -1.12729e-20)
(0.665153 -0.222834 -6.76728e-21)
(0.707753 -0.196158 -1.12881e-20)
(0.743099 -0.173875 -4.94176e-20)
(0.772681 -0.155092 -3.99524e-22)
(0.797621 -0.13916 -2.72177e-20)
(0.321182 -0.606877 1.19785e-20)
(0.439423 -0.505815 -8.77429e-21)
(0.530394 -0.427861 1.04814e-20)
(0.601841 -0.366439 -3.52801e-20)
(0.65894 -0.317148 -1.28495e-20)
(0.705243 -0.276953 -9.34387e-21)
(0.743245 -0.243712 -1.70763e-20)
(0.774733 -0.215883 1.83213e-20)
(0.801008 -0.192342 3.51915e-20)
(0.823027 -0.172271 6.44467e-20)
(0.425067 -0.710786 -2.31647e-20)
(0.526181 -0.592401 -3.67993e-20)
(0.603974 -0.501097 4.88624e-21)
(0.665081 -0.429159 2.129e-20)
(0.713933 -0.371419 2.34919e-20)
(0.753569 -0.324314 1.56379e-20)
(0.786117 -0.285313 7.12827e-22)
(0.813091 -0.252582 -3.0073e-20)
(0.835564 -0.224767 -5.05914e-20)
(0.854285 -0.200864 -4.97499e-20)
(0.543994 -0.797284 -7.4602e-20)
(0.62548 -0.664475 -6.2068e-20)
(0.688176 -0.562066 4.83536e-21)
(0.737446 -0.481391 1.83414e-21)
(0.776871 -0.416647 -1.15887e-20)
(0.808913 -0.363825 3.60535e-20)
(0.835305 -0.320069 -3.67342e-20)
(0.85728 -0.283285 -3.7628e-20)
(0.875708 -0.251891 -6.55031e-20)
(0.891149 -0.224654 2.2194e-20)
(0.67505 -0.864225 -4.15725e-20)
(0.734882 -0.720253 -2.73472e-20)
(0.780919 -0.609263 2.55917e-20)
(0.817122 -0.521856 -6.55483e-20)
(0.846138 -0.45174 6.07556e-21)
(0.869798 -0.394572 4.85553e-20)
(0.889416 -0.347258 -2.32837e-20)
(0.905973 -0.307519 4.12748e-20)
(0.920229 -0.273601 -7.08408e-20)
(0.932775 -0.244051 -3.31827e-21)
(0.815014 -0.909928 -1.04074e-20)
(0.851687 -0.758337 9.35463e-21)
(0.879906 -0.641506 8.47743e-21)
(0.902115 -0.549536 -4.94351e-20)
(0.919953 -0.475813 2.15118e-20)
(0.934564 -0.415781 -2.29749e-20)
(0.946783 -0.366222 5.75946e-20)
(0.957289 -0.324803 4.55244e-20)
(0.966743 -0.289792 -9.81083e-20)
(0.976024 -0.259825 -9.34703e-20)
(0.960428 -0.933229 -2.06147e-20)
(0.973012 -0.777756 -3.18943e-20)
(0.982687 -0.657963 -1.10731e-20)
(0.990317 -0.5637 -2.19006e-20)
(0.996476 -0.488191 8.99614e-21)
(1.00156 -0.426784 -5.20649e-21)
(1.00583 -0.376219 4.38143e-20)
(1.00945 -0.334208 4.71453e-20)
(1.01239 -0.299227 -3.57952e-20)
(1.01427 -0.270524 -6.84151e-20)
(0.788891 -0.0181768 3.68268e-21)
(0.820227 -0.0145752 1.32548e-21)
(0.84565 -0.0118447 -5.0834e-21)
(0.866515 -0.0097176 -3.17977e-21)
(0.883809 -0.00805623 4.07085e-21)
(0.898298 -0.00675355 7.51017e-21)
(0.910573 -0.00572442 7.62693e-21)
(0.921082 -0.00490025 5.69984e-21)
(0.93016 -0.00422845 1.50737e-21)
(0.938059 -0.00367069 1.20594e-21)
(0.944967 -0.00320007 5.02214e-22)
(0.95103 -0.00279806 1.67824e-22)
(0.956366 -0.00245173 9.60745e-22)
(0.96107 -0.00215182 1.20346e-21)
(0.965225 -0.00189137 1.312e-21)
(0.968899 -0.00166489 -1.48383e-22)
(0.972154 -0.00146793 -1.2717e-21)
(0.975043 -0.00129672 -1.16935e-21)
(0.977612 -0.00114803 -5.92266e-22)
(0.979905 -0.00102021 -1.48941e-22)
(0.794185 -0.0541144 1.67571e-21)
(0.824082 -0.0434579 -1.10721e-20)
(0.848512 -0.0353374 -1.57418e-20)
(0.868662 -0.029011 -1.73994e-20)
(0.885454 -0.0240713 5.29355e-21)
(0.899603 -0.0201996 -6.84951e-21)
(0.911657 -0.0171375 -1.89296e-20)
(0.922023 -0.0146789 -1.83754e-20)
(0.931005 -0.0126683 -1.94041e-20)
(0.93883 -0.010994 -1.44579e-20)
(0.945671 -0.00957863 -6.03806e-22)
(0.95167 -0.0083688 5.654e-21)
(0.956942 -0.00732701 5.90926e-21)
(0.961583 -0.00642589 1.83453e-21)
(0.965676 -0.00564446 -2.64583e-21)
(0.969294 -0.004966 -6.67277e-22)
(0.972497 -0.00437674 -1.24648e-21)
(0.97534 -0.0038651 -8.99605e-22)
(0.97787 -0.00342124 5.56118e-22)
(0.980128 -0.0030408 8.76173e-22)
(0.805071 -0.0888773 -1.74466e-20)
(0.832134 -0.0715394 -4.38154e-20)
(0.854531 -0.0582323 -4.66002e-22)
(0.873209 -0.0478761 2.57158e-20)
(0.88897 -0.0398009 2.09408e-20)
(0.902426 -0.0334707 -1.7597e-20)
(0.914021 -0.028448 -2.69444e-20)
(0.924078 -0.0243917 -1.61072e-20)
(0.932834 -0.0210529 -2.13356e-20)
(0.940472 -0.0182581 -1.24249e-20)
(0.947146 -0.0158885 -3.18955e-21)
(0.952988 -0.0138619 7.59564e-21)
(0.958109 -0.0121188 2.03291e-20)
(0.962609 -0.0106146 3.68159e-21)
(0.966572 -0.00931387 -3.68806e-21)
(0.970072 -0.00818776 3.89316e-22)
(0.973171 -0.00721215 -5.58952e-21)
(0.975923 -0.00636678 -3.19562e-21)
(0.978375 -0.00563455 1.48582e-21)
(0.980567 -0.00500796 -8.02218e-22)
(0.821352 -0.121701 -3.02699e-20)
(0.84419 -0.0982779 1.81127e-20)
(0.86356 -0.080128 2.12287e-20)
(0.880088 -0.0660452 -9.52714e-21)
(0.894382 -0.0550831 -4.7026e-20)
(0.906862 -0.0464702 -1.3764e-20)
(0.917796 -0.039587 1.71862e-20)
(0.927371 -0.0339744 5.37291e-21)
(0.935739 -0.0293139 3.57306e-21)
(0.943039 -0.0253901 9.2763e-23)
(0.949408 -0.0220558 -2.54113e-21)
(0.954968 -0.0192055 -2.16898e-20)
(0.959835 -0.01676 -8.62887e-21)
(0.964106 -0.014657 1.89398e-20)
(0.967867 -0.0128454 3.7895e-21)
(0.97119 -0.0112827 3.05321e-21)
(0.974138 -0.00993319 -1.43739e-23)
(0.976761 -0.00876658 -8.01084e-21)
(0.979105 -0.00775756 -3.225e-21)
(0.981204 -0.00689393 2.50281e-21)
(0.842969 -0.151713 8.54175e-20)
(0.860239 -0.123122 1.41542e-20)
(0.875647 -0.100668 -1.54939e-20)
(0.88947 -0.083322 -3.18692e-20)
(0.901971 -0.0698129 -1.06253e-20)
(0.913234 -0.059115 3.60493e-20)
(0.92327 -0.050457 6.63517e-20)
(0.932113 -0.04331 6.7249e-20)
(0.939844 -0.0373249 5.36772e-20)
(0.946579 -0.0322667 1.47145e-20)
(0.952446 -0.0279682 -4.00024e-21)
(0.957569 -0.0243029 2.09561e-20)
(0.962058 -0.0211701 2.30708e-20)
(0.966007 -0.0184872 1.63723e-20)
(0.969497 -0.0161856 1.03361e-20)
(0.972594 -0.0142073 1.00157e-20)
(0.975352 -0.0125039 -6.8607e-21)
(0.977818 -0.0110344 -1.63272e-20)
(0.98003 -0.00976455 -5.20841e-21)
(0.982019 -0.00867629 -4.50545e-22)
(0.869765 -0.17796 -6.00257e-21)
(0.880275 -0.145531 6.91123e-20)
(0.891002 -0.119608 1.34496e-19)
(0.901801 -0.0996199 7.51452e-20)
(0.91227 -0.0839112 -7.79911e-21)
(0.921999 -0.0712663 -5.86637e-20)
(0.930741 -0.0608655 -3.02631e-20)
(0.938439 -0.0521863 -2.79957e-20)
(0.945162 -0.0448849 -3.81966e-20)
(0.951027 -0.0387153 -4.74349e-21)
(0.956161 -0.0334878 1.95403e-20)
(0.960678 -0.0290486 1.34178e-20)
(0.964671 -0.0252706 -2.05618e-21)
(0.968219 -0.022048 2.74838e-20)
(0.971385 -0.0192925 1.29527e-20)
(0.97422 -0.0169303 -3.44963e-21)
(0.976765 -0.0148999 -3.32629e-21)
(0.979057 -0.01315 -6.11083e-21)
(0.981125 -0.0116381 5.28549e-22)
(0.982992 -0.0103395 9.9288e-22)
(0.901347 -0.199477 8.61569e-20)
(0.904412 -0.165085 8.24955e-20)
(0.910265 -0.136929 -1.78953e-20)
(0.917936 -0.114909 -3.76292e-21)
(0.925956 -0.0971812 7.23489e-20)
(0.933492 -0.082603 3.12081e-20)
(0.940245 -0.070461 -3.19627e-20)
(0.946206 -0.0602888 -2.06309e-20)
(0.951471 -0.0517441 8.31877e-21)
(0.956153 -0.0445526 8.27238e-21)
(0.960347 -0.0384868 3.3576e-20)
(0.964125 -0.0333573 -1.128e-20)
(0.967543 -0.0290067 -5.59644e-20)
(0.970643 -0.0253047 -2.33948e-20)
(0.973459 -0.0221442 -2.21797e-21)
(0.976017 -0.0194369 2.09295e-20)
(0.978341 -0.01711 -2.44795e-21)
(0.980451 -0.0151037 1.1816e-22)
(0.982368 -0.0133684 1.13776e-20)
(0.984106 -0.0118736 -1.8164e-22)
(0.9367 -0.215808 4.15358e-20)
(0.933145 -0.181802 -2.18133e-20)
(0.934664 -0.15279 -4.59248e-20)
(0.938705 -0.128907 -2.84885e-20)
(0.943119 -0.109075 -8.85036e-20)
(0.9473 -0.0925593 -3.89587e-20)
(0.951182 -0.0787879 4.52526e-20)
(0.954831 -0.0672972 1.37611e-20)
(0.958298 -0.0576957 -1.08432e-20)
(0.961608 -0.0496528 1.171e-20)
(0.964762 -0.0428932 -1.64067e-20)
(0.967753 -0.0371901 -2.19213e-20)
(0.970574 -0.0323587 -3.32278e-20)
(0.973218 -0.0282483 -4.86554e-20)
(0.975681 -0.0247367 -3.34739e-20)
(0.977962 -0.0217244 -1.31657e-20)
(0.980063 -0.0191307 1.39632e-20)
(0.981988 -0.0168897 7.15742e-21)
(0.983747 -0.0149475 -8.62686e-21)
(0.985347 -0.0132689 -4.73098e-21)
(0.973587 -0.228332 -1.60968e-20)
(0.967226 -0.196675 -1.0755e-20)
(0.964661 -0.166901 -1.06292e-20)
(0.963034 -0.140711 -6.46124e-20)
(0.962014 -0.118782 -7.7799e-21)
(0.961786 -0.100612 2.83897e-20)
(0.962334 -0.0855685 -1.31398e-20)
(0.96352 -0.0730878 -2.05614e-20)
(0.965174 -0.0626982 1.62306e-20)
(0.967139 -0.0540129 1.58353e-20)
(0.969287 -0.0467184 1.6198e-21)
(0.97152 -0.0405618 1.4385e-21)
(0.973763 -0.0353395 -4.32951e-20)
(0.97596 -0.0308878 -5.43108e-20)
(0.978071 -0.0270744 4.74765e-21)
(0.98007 -0.0237933 -5.11857e-21)
(0.981938 -0.0209587 -1.10625e-20)
(0.983667 -0.0185016 1.91211e-20)
(0.985254 -0.0163664 6.86794e-21)
(0.986702 -0.0145148 1.92401e-22)
(1.00421 -0.238797 -1.37001e-20)
(0.993177 -0.208867 4.57643e-20)
(0.983598 -0.17843 1.14701e-19)
(0.976486 -0.150412 3.40824e-20)
(0.972178 -0.126887 -3.85781e-21)
(0.969948 -0.107476 -2.90103e-20)
(0.969184 -0.0914587 -1.20101e-19)
(0.969434 -0.0781912 -1.96237e-20)
(0.970367 -0.0671503 8.8651e-20)
(0.971743 -0.0579167 4.84049e-20)
(0.97339 -0.0501543 -1.62912e-20)
(0.975183 -0.043594 -5.69699e-20)
(0.977034 -0.0380194 -9.5234e-21)
(0.978877 -0.0332568 -6.38413e-21)
(0.98067 -0.0291668 -2.08554e-20)
(0.982381 -0.0256378 2.21398e-20)
(0.983993 -0.0225806 1.35153e-21)
(0.985494 -0.0199237 -4.7653e-21)
(0.986882 -0.0176101 7.06458e-21)
(0.988153 -0.0155979 2.23252e-21)
(1.03382 -0.230513 0)
(1.01048 -0.203289 0)
(0.992882 -0.176145 0)
(0.98164 -0.150656 0)
(0.975469 -0.128564 0)
(0.972589 -0.109888 0)
(0.971745 -0.0941975 0)
(0.972138 -0.0810199 0)
(0.973262 -0.0699302 0)
(0.974794 -0.0605689 0)
(0.976524 -0.0526368 0)
(0.978318 -0.0458875 0)
(0.980095 -0.0401187 0)
(0.981805 -0.0351654 0)
(0.98342 -0.0308933 0)
(0.984929 -0.0271935 0)
(0.986327 -0.0239781 0)
(0.987617 -0.0211761 0)
(0.988803 -0.01873 0)
(0.989887 -0.0165941 0)
(1.06066 -0.202706 0)
(1.03479 -0.1819 0)
(1.01602 -0.161172 0)
(1.0029 -0.141265 0)
(0.994207 -0.123098 0)
(0.988755 -0.107023 0)
(0.98556 -0.0930247 0)
(0.983906 -0.0809317 0)
(0.983284 -0.0705208 0)
(0.983341 -0.0615661 0)
(0.983832 -0.0538588 0)
(0.984586 -0.0472141 0)
(0.98549 -0.041472 0)
(0.986465 -0.0364965 0)
(0.98746 -0.032173 0)
(0.988442 -0.0284056 0)
(0.98939 -0.0251148 0)
(0.990294 -0.0222343 0)
(0.991145 -0.0197094 0)
(0.99194 -0.0174942 0)
(1.07623 -0.174117 0)
(1.05202 -0.160438 0)
(1.03352 -0.145386 0)
(1.01971 -0.130139 0)
(1.00971 -0.115546 0)
(1.00266 -0.102085 0)
(0.997836 -0.0899504 0)
(0.994642 -0.0791647 0)
(0.992628 -0.0696576 0)
(0.991456 -0.0613179 0)
(0.990876 -0.0540201 0)
(0.990705 -0.0476397 0)
(0.990813 -0.0420602 0)
(0.991104 -0.037177 0)
(0.991511 -0.0328977 0)
(0.991987 -0.0291423 0)
(0.992499 -0.025842 0)
(0.993023 -0.0229381 0)
(0.993543 -0.0203807 0)
(0.994049 -0.0181268 0)
(1.08471 -0.148839 0)
(1.06352 -0.140354 0)
(1.04632 -0.129798 0)
(1.03274 -0.118364 0)
(1.02226 -0.106866 0)
(1.01435 -0.0958241 0)
(1.00848 -0.0855313 0)
(1.0042 -0.0761218 0)
(1.00113 -0.0676298 0)
(0.998979 -0.0600303 0)
(0.99751 -0.0532662 0)
(0.996546 -0.0472661 0)
(0.995952 -0.0419539 0)
(0.995627 -0.037255 0)
(0.995494 -0.0330999 0)
(0.995497 -0.0294251 0)
(0.995595 -0.026174 0)
(0.995755 -0.0232967 0)
(0.995956 -0.0207495 0)
(0.996181 -0.0184942 0)
(1.0893 -0.12746 0)
(1.07106 -0.122342 0)
(1.05551 -0.115092 0)
(1.04265 -0.106655 0)
(1.03225 -0.0977323 0)
(1.024 -0.0888172 0)
(1.01754 -0.080231 0)
(1.01254 -0.0721636 0)
(1.00872 -0.0647114 0)
(1.00582 -0.0579087 0)
(1.00364 -0.0517499 0)
(1.00202 -0.046206 0)
(1.00082 -0.0412354 0)
(0.999958 -0.0367905 0)
(0.999341 -0.0328228 0)
(0.998913 -0.0292851 0)
(0.998627 -0.026133 0)
(0.998447 -0.0233261 0)
(0.998346 -0.0208274 0)
(0.998302 -0.0186043 0)
(1.09162 -0.109405 0)
(1.07589 -0.106461 0)
(1.06201 -0.101577 0)
(1.0501 -0.0954341 0)
(1.0401 -0.0885926 0)
(1.03185 -0.0814828 0)
(1.02513 -0.0744133 0)
(1.01972 -0.0675912 0)
(1.01539 -0.0611447 0)
(1.01194 -0.0551442 0)
(1.00921 -0.0496196 0)
(1.00706 -0.0445737 0)
(1.00537 -0.039992 0)
(1.00404 -0.0358497 0)
(1.003 -0.0321165 0)
(1.00219 -0.0287601 0)
(1.00155 -0.0257478 0)
(1.00106 -0.0230479 0)
(1.00068 -0.0206309 0)
(1.00038 -0.0184694 0)
(1.09251 -0.0940267 0)
(1.07888 -0.0925223 0)
(1.06653 -0.0893238 0)
(1.05563 -0.0849128 0)
(1.0462 -0.0797222 0)
(1.03818 -0.0741089 0)
(1.03143 -0.068349 0)
(1.02581 -0.062644 0)
(1.02117 -0.0571328 0)
(1.01734 -0.0519047 0)
(1.01421 -0.0470115 0)
(1.01165 -0.042478 0)
(1.00955 -0.0383099 0)
(1.00783 -0.0345004 0)
(1.00643 -0.0310343 0)
(1.00528 -0.0278918 0)
(1.00434 -0.0250506 0)
(1.00356 -0.0224876 0)
(1.00292 -0.0201798 0)
(1.00239 -0.0181052 0)
(1.09246 -0.08082 0)
(1.0806 -0.0802822 0)
(1.06962 -0.0782841 0)
(1.0597 -0.0751715 0)
(1.0509 -0.0712747 0)
(1.04322 -0.066882 0)
(1.0366 -0.0622303 0)
(1.03093 -0.0575036 0)
(1.02613 -0.0528384 0)
(1.02206 -0.0483308 0)
(1.01864 -0.0440444 0)
(1.01576 -0.0400175 0)
(1.01335 -0.0362701 0)
(1.01132 -0.0328083 0)
(1.00961 -0.029629 0)
(1.00817 -0.0267227 0)
(1.00696 -0.0240758 0)
(1.00593 -0.0216726 0)
(1.00506 -0.0194963 0)
(1.00432 -0.0175297 0)
(1.0918 -0.0693982 0)
(1.08142 -0.0695044 0)
(1.07164 -0.0683585 0)
(1.06264 -0.0662142 0)
(1.05449 -0.0633227 0)
(1.04722 -0.0599142 0)
(1.04081 -0.0561866 0)
(1.0352 -0.052302 0)
(1.03034 -0.048387 0)
(1.02614 -0.0445364 0)
(1.02252 -0.0408182 0)
(1.01942 -0.0372783 0)
(1.01676 -0.0339453 0)
(1.01447 -0.0308344 0)
(1.01252 -0.0279513 0)
(1.01084 -0.0252946 0)
(1.00939 -0.0228578 0)
(1.00814 -0.0206313 0)
(1.00707 -0.0186036 0)
(1.00614 -0.016762 0)
(1.09077 -0.0594556 0)
(1.08164 -0.0599777 0)
(1.07291 -0.059431 0)
(1.06473 -0.0580034 0)
(1.0572 -0.0558873 0)
(1.05036 -0.0532651 0)
(1.04421 -0.0503001 0)
(1.03873 -0.047131 0)
(1.03389 -0.0438714 0)
(1.02963 -0.0406101 0)
(1.0259 -0.0374144 0)
(1.02264 -0.0343328 0)
(1.01979 -0.0313988 0)
(1.01731 -0.0286333 0)
(1.01515 -0.0260479 0)
(1.01326 -0.0236471 0)
(1.01162 -0.0214299 0)
(1.01019 -0.0193918 0)
(1.00893 -0.0175255 0)
(1.00783 -0.0158221 0)
(1.08953 -0.0507454 0)
(1.08144 -0.0515191 0)
(1.07362 -0.0513839 0)
(1.06618 -0.0504806 0)
(1.05923 -0.0489573 0)
(1.05281 -0.0469586 0)
(1.04694 -0.0446174 0)
(1.04163 -0.0420508 0)
(1.03686 -0.0393577 0)
(1.0326 -0.0366186 0)
(1.0288 -0.0338968 0)
(1.02544 -0.0312404 0)
(1.02246 -0.0286843 0)
(1.01983 -0.0262525 0)
(1.0175 -0.0239604 0)
(1.01545 -0.0218164 0)
(1.01364 -0.0198235 0)
(1.01205 -0.0179809 0)
(1.01064 -0.0162849 0)
(1.00939 -0.0147298 0)
(1.08819 -0.0430652 0)
(1.081 -0.0439688 0)
(1.07394 -0.0441038 0)
(1.06716 -0.0435769 0)
(1.06073 -0.0425023 0)
(1.0547 -0.0409941 0)
(1.04912 -0.03916 0)
(1.04399 -0.0370972 0)
(1.03932 -0.0348903 0)
(1.03509 -0.0326101 0)
(1.03128 -0.0303143 0)
(1.02785 -0.0280481 0)
(1.02478 -0.0258458 0)
(1.02203 -0.0237325 0)
(1.01958 -0.0217253 0)
(1.0174 -0.0198349 0)
(1.01546 -0.0180671 0)
(1.01372 -0.0164238 0)
(1.01218 -0.0149039 0)
(1.01081 -0.0135041 0)
(1.08686 -0.0362428 0)
(1.08041 -0.0371857 0)
(1.07401 -0.0374842 0)
(1.06779 -0.0372197 0)
(1.06181 -0.0364802 0)
(1.05615 -0.0353551 0)
(1.05084 -0.0339311 0)
(1.0459 -0.0322878 0)
(1.04135 -0.0304962 0)
(1.03717 -0.0286175 0)
(1.03336 -0.0267024 0)
(1.0299 -0.0247922 0)
(1.02677 -0.0229189 0)
(1.02395 -0.0211069 0)
(1.0214 -0.0193736 0)
(1.01911 -0.0177311 0)
(1.01706 -0.0161866 0)
(1.01521 -0.0147437 0)
(1.01356 -0.0134031 0)
(1.01207 -0.0121635 0)
(1.0856 -0.0301293 0)
(1.07976 -0.0310443 0)
(1.07391 -0.0314263 0)
(1.06816 -0.0313367 0)
(1.06259 -0.0308429 0)
(1.05725 -0.0300148 0)
(1.05219 -0.0289212 0)
(1.04743 -0.0276265 0)
(1.04299 -0.0261895 0)
(1.03889 -0.0246614 0)
(1.0351 -0.0230861 0)
(1.03163 -0.0214996 0)
(1.02846 -0.019931 0)
(1.02558 -0.0184027 0)
(1.02296 -0.0169316 0)
(1.02059 -0.0155296 0)
(1.01844 -0.0142047 0)
(1.01651 -0.0129614 0)
(1.01476 -0.0118016 0)
(1.01319 -0.0107253 0)
(1.08445 -0.0245957 0)
(1.07911 -0.0254337 0)
(1.07372 -0.0258388 0)
(1.06837 -0.0258569 0)
(1.06313 -0.0255392 0)
(1.05807 -0.0249397 0)
(1.05323 -0.024112 0)
(1.04863 -0.0231076 0)
(1.04431 -0.0219737 0)
(1.04028 -0.0207527 0)
(1.03652 -0.019481 0)
(1.03306 -0.0181893 0)
(1.02987 -0.0169029 0)
(1.02695 -0.0156415 0)
(1.02427 -0.0144206 0)
(1.02184 -0.0132513 0)
(1.01962 -0.0121414 0)
(1.01761 -0.0110957 0)
(1.01579 -0.0101168 0)
(1.01414 -0.00920552 0)
(1.08345 -0.0195292 0)
(1.07851 -0.0202542 0)
(1.07349 -0.0206373 0)
(1.06846 -0.0207122 0)
(1.06351 -0.0205169 0)
(1.05868 -0.0200923 0)
(1.05402 -0.0194793 0)
(1.04957 -0.0187178 0)
(1.04535 -0.0178451 0)
(1.04138 -0.0168945 0)
(1.03766 -0.0158958 0)
(1.03421 -0.0148738 0)
(1.03101 -0.0138497 0)
(1.02806 -0.01284 0)
(1.02535 -0.011858 0)
(1.02287 -0.0109136 0)
(1.0206 -0.0100138 0)
(1.01853 -0.00916319 0)
(1.01665 -0.00836455 0)
(1.01494 -0.007619 0)
(1.08263 -0.0148293 0)
(1.078 -0.0154155 0)
(1.07326 -0.0157435 0)
(1.06849 -0.0158371 0)
(1.06375 -0.0157236 0)
(1.05911 -0.0154327 0)
(1.0546 -0.0149947 0)
(1.05027 -0.0144391 0)
(1.04614 -0.0137938 0)
(1.04222 -0.0130845 0)
(1.03855 -0.0123335 0)
(1.0351 -0.0115605 0)
(1.0319 -0.0107818 0)
(1.02894 -0.0100107 0)
(1.0262 -0.00925783 0)
(1.02368 -0.00853126 0)
(1.02137 -0.00783686 0)
(1.01926 -0.00717866 0)
(1.01734 -0.00655914 0)
(1.01558 -0.0059795 0)
(1.082 -0.0104051 0)
(1.0776 -0.0108342 0)
(1.07307 -0.0110836 0)
(1.06848 -0.0111685 0)
(1.06391 -0.0111072 0)
(1.05941 -0.0109199 0)
(1.05501 -0.0106272 0)
(1.05077 -0.0102496 0)
(1.0467 -0.00980641 0)
(1.04284 -0.00931557 0)
(1.03919 -0.008793 0)
(1.03576 -0.00825256 0)
(1.03256 -0.00770598 0)
(1.02958 -0.00716292 0)
(1.02683 -0.00663111 0)
(1.02429 -0.00611651 0)
(1.02195 -0.00562356 0)
(1.01981 -0.00515534 0)
(1.01785 -0.0047138 0)
(1.01606 -0.00429993 0)
(1.08158 -0.00617216 0)
(1.07732 -0.00643254 0)
(1.07293 -0.00658782 0)
(1.06847 -0.00664561 0)
(1.064 -0.00661648 0)
(1.05959 -0.00651199 0)
(1.05527 -0.00634425 0)
(1.05109 -0.00612522 0)
(1.04707 -0.00586632 0)
(1.04324 -0.00557811 0)
(1.03961 -0.00527007 0)
(1.03619 -0.00495048 0)
(1.03299 -0.00462639 0)
(1.03001 -0.00430364 0)
(1.02725 -0.00398693 0)
(1.02469 -0.00367991 0)
(1.02234 -0.00338536 0)
(1.02017 -0.0031052 0)
(1.01819 -0.0028407 0)
(1.01638 -0.00259245 0)
(1.08138 -0.00204666 0)
(1.07718 -0.00213355 0)
(1.07285 -0.00218618 0)
(1.06845 -0.00220656 0)
(1.06405 -0.00219808 0)
(1.05968 -0.00216453 0)
(1.0554 -0.0021099 0)
(1.05125 -0.00203812 0)
(1.04725 -0.00195297 0)
(1.04343 -0.00185794 0)
(1.03982 -0.00175617 0)
(1.0364 -0.00165041 0)
(1.03321 -0.00154302 0)
(1.03022 -0.00143594 0)
(1.02745 -0.00133075 0)
(1.02489 -0.00122869 0)
(1.02253 -0.0011307 0)
(1.02035 -0.00103746 0)
(1.01836 -0.000949382 0)
(1.01654 -0.000866644 0)
(1.27725 -0.0172232 -2.55363e-22)
(1.27178 -0.0525574 -4.0434e-22)
(1.26098 -0.0868058 -1.33438e-20)
(1.24502 -0.119288 -9.17897e-21)
(1.22418 -0.149366 -1.27154e-20)
(1.19876 -0.176407 -5.4524e-21)
(1.16919 -0.199652 2.73377e-21)
(1.13601 -0.217679 2.42805e-20)
(1.10033 -0.226686 -1.08003e-20)
(1.06402 -0.232562 -1.21443e-20)
(1.24715 -0.0137338 -4.1396e-22)
(1.24321 -0.0422917 -1.53033e-21)
(1.23545 -0.0702206 -1.00703e-20)
(1.22409 -0.0971542 1.91924e-21)
(1.20938 -0.122755 -1.18106e-20)
(1.19152 -0.146616 -6.47052e-21)
(1.17051 -0.167985 1.26074e-21)
(1.14609 -0.185176 -1.18375e-20)
(1.11876 -0.195721 -9.6394e-21)
(1.08976 -0.205414 -1.94095e-20)
(1.22257 -0.0111274 -3.0255e-22)
(1.21967 -0.0346061 1.16017e-21)
(1.21394 -0.0577401 2.48229e-21)
(1.20542 -0.0802757 1.07783e-20)
(1.19411 -0.101856 -2.36264e-21)
(1.17993 -0.121878 1.70039e-20)
(1.16273 -0.139359 -1.03267e-20)
(1.1428 -0.153138 -7.20384e-20)
(1.12169 -0.163902 -1.75417e-21)
(1.1003 -0.175838 3.38306e-20)
(1.20212 -0.00913664 -2.28364e-22)
(1.19989 -0.0286842 -1.01856e-22)
(1.1954 -0.0479675 3.88578e-21)
(1.18857 -0.0667147 3.37089e-21)
(1.17929 -0.0844882 -9.0265e-21)
(1.16749 -0.100663 2.71322e-20)
(1.15332 -0.114626 -9.48099e-21)
(1.13752 -0.126441 -6.38665e-20)
(1.12122 -0.13814 -4.10991e-20)
(1.10454 -0.15048 2.80342e-20)
(1.18488 -0.00755642 8.98126e-22)
(1.18304 -0.0239324 6.73511e-22)
(1.17931 -0.0400004 -2.88514e-21)
(1.17359 -0.0554592 -1.14091e-20)
(1.16582 -0.0699042 -2.63446e-21)
(1.15608 -0.082946 1.30775e-20)
(1.14472 -0.0945342 3.47855e-20)
(1.13238 -0.10539 -4.38796e-20)
(1.11948 -0.117133 -5.58203e-20)
(1.10585 -0.128652 -5.90811e-20)
(1.17022 -0.00625503 -5.64711e-23)
(1.16865 -0.0199905 -4.19694e-22)
(1.16546 -0.0333546 3.31801e-21)
(1.16062 -0.046062 2.13506e-21)
(1.15414 -0.0578374 1.31191e-20)
(1.14622 -0.0685765 -3.76527e-21)
(1.1372 -0.0785715 1.61301e-20)
(1.12742 -0.0885842 -1.53186e-20)
(1.11694 -0.0995051 -3.03517e-20)
(1.10559 -0.109779 -1.99014e-20)
(1.15775 -0.00516162 -5.77973e-22)
(1.15639 -0.0166695 -2.67564e-21)
(1.15365 -0.0277807 -2.40183e-21)
(1.14956 -0.0382632 2.83488e-21)
(1.1442 -0.0479846 7.36504e-21)
(1.13778 -0.0570323 -2.39213e-20)
(1.13054 -0.0657936 -1.17759e-20)
(1.12261 -0.0748314 2.32061e-20)
(1.11393 -0.0845421 -2.98088e-21)
(1.10439 -0.0935259 3.18149e-20)
(1.14715 -0.00423955 -1.25843e-22)
(1.14598 -0.0138667 -1.21655e-21)
(1.14363 -0.0231189 3.01174e-21)
(1.14019 -0.031829 1.63691e-21)
(1.13576 -0.0399682 1.86533e-21)
(1.13051 -0.0477066 -2.65478e-20)
(1.12458 -0.0553909 -1.40638e-20)
(1.11801 -0.0633776 6.3657e-21)
(1.11071 -0.0718064 -9.04553e-21)
(1.10264 -0.079581 3.53195e-20)
(1.13816 -0.00346604 1.43638e-22)
(1.13716 -0.0115105 9.46178e-22)
(1.13516 -0.0192336 -5.97246e-22)
(1.13226 -0.0265254 -6.35347e-21)
(1.12856 -0.0334135 1.05096e-20)
(1.1242 -0.0400766 -1.1244e-20)
(1.11925 -0.0467789 4.66843e-21)
(1.1137 -0.0537285 -3.73034e-21)
(1.10748 -0.0609487 6.18896e-21)
(1.10059 -0.067628 4.46251e-20)
(1.13056 -0.00282142 -5.56205e-22)
(1.1297 -0.00953656 -4.27398e-22)
(1.128 -0.0159971 -1.76745e-21)
(1.12554 -0.0221349 -2.9246e-21)
(1.12241 -0.0279989 1.44993e-20)
(1.11872 -0.0337409 -2.00673e-21)
(1.11449 -0.0395451 2.54459e-21)
(1.10971 -0.0455263 7.91715e-21)
(1.10435 -0.0516613 1.05711e-20)
(1.09841 -0.0573642 2.31999e-20)
(1.12415 -0.00228684 -2.96468e-23)
(1.12341 -0.00788365 -7.54713e-22)
(1.12196 -0.0132916 -1.29822e-22)
(1.11984 -0.0184698 -3.43139e-21)
(1.11715 -0.0234681 3.99287e-21)
(1.11395 -0.0284017 -9.20836e-21)
(1.11027 -0.0333916 8.08373e-21)
(1.1061 -0.0384962 1.38647e-21)
(1.10141 -0.0436763 3.38916e-21)
(1.09622 -0.048515 1.20273e-20)
(1.11875 -0.00184467 -3.84514e-23)
(1.11812 -0.00649593 -3.58618e-22)
(1.11686 -0.0110139 1.06889e-21)
(1.11502 -0.0153762 -5.32362e-21)
(1.11266 -0.0196234 -1.02148e-21)
(1.10984 -0.0238377 -8.97776e-21)
(1.10657 -0.0280935 6.07201e-21)
(1.10287 -0.0324172 5.8463e-21)
(1.0987 -0.0367645 1.49662e-20)
(1.09411 -0.0408411 -2.33457e-21)
(1.11424 -0.00147876 -4.06331e-22)
(1.11369 -0.00532275 1.18153e-22)
(1.11258 -0.00907739 2.95789e-21)
(1.11095 -0.0127313 -1.32666e-21)
(1.10884 -0.0163145 1.11877e-21)
(1.10631 -0.0198821 -1.48649e-21)
(1.10337 -0.0234771 -9.66573e-22)
(1.10002 -0.0271072 9.44268e-21)
(1.09627 -0.0307284 7.32028e-21)
(1.09215 -0.0341326 -1.84884e-20)
(1.11049 -0.00117477 -2.9422e-22)
(1.11001 -0.00432073 5.18383e-22)
(1.10901 -0.00741017 -1.1416e-21)
(1.10754 -0.0104381 -7.42178e-22)
(1.10563 -0.0134255 7.50619e-23)
(1.10332 -0.0164069 2.97565e-21)
(1.10063 -0.0194049 -9.41946e-22)
(1.09756 -0.0224159 -1.00413e-20)
(1.09413 -0.0254002 -1.68124e-21)
(1.09038 -0.0282091 -1.8964e-21)
(1.10742 -0.000920122 3.19886e-22)
(1.10699 -0.0034538 7.16844e-22)
(1.10608 -0.00595415 1.98515e-21)
(1.10474 -0.00842005 7.43791e-23)
(1.10298 -0.0108653 -6.70385e-22)
(1.10083 -0.0133106 -3.61175e-21)
(1.09833 -0.0157652 -6.26174e-21)
(1.09547 -0.0182195 -6.4164e-21)
(1.0923 -0.0206388 1.28405e-20)
(1.08883 -0.0229164 6.21135e-22)
(1.10496 -0.000704164 3.10279e-22)
(1.10456 -0.0026919 -2.78139e-22)
(1.10373 -0.00466221 1.4265e-21)
(1.10247 -0.00661566 1.17916e-21)
(1.10083 -0.00856161 -1.91383e-21)
(1.09881 -0.0105111 -4.79775e-21)
(1.09645 -0.0124662 -5.38246e-21)
(1.09376 -0.0144141 -2.10188e-21)
(1.09077 -0.0163257 4.1566e-21)
(1.08752 -0.0181243 5.66657e-22)
(1.10305 -0.0005178 -2.74429e-22)
(1.10268 -0.00201082 2.16936e-22)
(1.10189 -0.00349622 8.8121e-22)
(1.10071 -0.00497601 -1.41356e-21)
(1.09915 -0.00645592 -1.85346e-21)
(1.09723 -0.00794167 2.23602e-23)
(1.09498 -0.00943101 -2.94571e-21)
(1.09241 -0.0109114 2.80086e-21)
(1.08956 -0.0123589 1.98595e-21)
(1.08646 -0.0137192 1.50319e-21)
(1.10164 -0.000353627 -3.04174e-22)
(1.10129 -0.00139071 4.31483e-23)
(1.10055 -0.00242567 2.68837e-21)
(1.09942 -0.00346085 1.91417e-21)
(1.09792 -0.00450012 3.41271e-23)
(1.09607 -0.00554577 -1.5897e-21)
(1.0939 -0.00659448 -5.26287e-21)
(1.09141 -0.0076353 -3.30159e-21)
(1.08866 -0.00865014 3.05926e-22)
(1.08566 -0.00960183 -1.48849e-21)
(1.10071 -0.000205273 7.1735e-22)
(1.10038 -0.000815094 1.97481e-22)
(1.09966 -0.00142442 1.4412e-21)
(1.09857 -0.00203623 2.58997e-21)
(1.09712 -0.00265266 -6.88088e-22)
(1.09532 -0.00327417 7.51999e-22)
(1.0932 -0.00389832 -2.06301e-22)
(1.09077 -0.00451726 -2.11984e-22)
(1.08807 -0.00511967 3.61183e-21)
(1.08514 -0.00568322 2.11292e-21)
(1.10024 -6.73304e-05 -3.0854e-22)
(1.09992 -0.000268894 -8.70466e-22)
(1.09923 -0.000469973 1.38805e-21)
(1.09817 -0.000672372 7.1141e-22)
(1.09675 -0.000876406 -5.19827e-22)
(1.09498 -0.00108207 -1.68177e-21)
(1.09289 -0.00128832 -5.32334e-21)
(1.09049 -0.00149229 1.81173e-22)
(1.08781 -0.00168993 2.22973e-21)
(1.08489 -0.00187385 -8.98505e-22)
(1.05934 0.269796 4.87144e-20)
(1.06118 0.300438 1.65992e-21)
(1.06358 0.335943 1.95051e-20)
(1.06658 0.377987 -1.52651e-20)
(1.07027 0.428448 -5.72961e-21)
(1.07485 0.489737 2.16707e-20)
(1.08056 0.565153 -1.21487e-20)
(1.08776 0.659367 -1.78925e-20)
(1.09696 0.779163 -3.45598e-20)
(1.10892 0.934708 5.72025e-20)
(1.10133 0.264724 -1.56192e-20)
(1.10782 0.293774 1.22051e-20)
(1.11579 0.328118 3.21207e-20)
(1.12541 0.369012 -4.01619e-20)
(1.13703 0.418169 1.70857e-20)
(1.15119 0.477905 -1.3468e-20)
(1.16866 0.551436 -1.06596e-19)
(1.19052 0.643312 -1.12343e-20)
(1.21834 0.760153 -4.99861e-21)
(1.25449 0.91188 6.45058e-20)
(1.14037 0.252505 -2.33076e-20)
(1.15217 0.27961 -5.26661e-21)
(1.16585 0.312031 2.45984e-20)
(1.18198 0.350804 -8.25451e-20)
(1.20128 0.397478 8.66611e-20)
(1.22468 0.454222 3.09613e-20)
(1.25348 0.524079 -6.16264e-20)
(1.28946 0.61137 3.02219e-20)
(1.33523 0.722386 4.05449e-20)
(1.39468 0.866557 2.38276e-20)
(1.17789 0.231936 8.90453e-20)
(1.19412 0.257593 -3.87345e-20)
(1.21293 0.2878 -1.56623e-20)
(1.23506 0.323721 2.01784e-20)
(1.26151 0.366865 7.49883e-20)
(1.29356 0.41927 -8.67056e-21)
(1.33296 0.48376 5.66065e-20)
(1.38217 0.56433 6.12586e-21)
(1.44476 0.666793 4.92864e-20)
(1.52603 0.799857 -4.20559e-20)
(1.21278 0.205927 3.89969e-20)
(1.23268 0.229186 -5.45506e-20)
(1.25593 0.256379 -2.8687e-20)
(1.28341 0.288574 2.44157e-20)
(1.31629 0.327147 -4.53034e-21)
(1.35614 0.37394 -4.05016e-20)
(1.40515 0.431484 2.42106e-20)
(1.46636 0.503355 -5.24449e-21)
(1.54421 0.594743 8.90079e-21)
(1.64531 0.713419 -9.64136e-20)
(1.24363 0.175383 4.68106e-21)
(1.26667 0.1954 -5.72319e-20)
(1.29372 0.218759 -2.61182e-20)
(1.32579 0.246361 -3.07619e-20)
(1.36424 0.27938 3.52878e-20)
(1.41089 0.319391 -3.02906e-21)
(1.46827 0.368566 -1.22343e-20)
(1.53996 0.429963 6.69881e-21)
(1.63115 0.508019 -4.01404e-20)
(1.74957 0.609379 -2.10418e-20)
(1.26941 0.140924 -2.74248e-20)
(1.29504 0.157074 2.90151e-20)
(1.32523 0.175922 -1.5415e-20)
(1.36109 0.198179 -1.83406e-20)
(1.40415 0.224782 3.66591e-21)
(1.45642 0.256999 3.11339e-20)
(1.52076 0.296575 -2.22684e-20)
(1.60115 0.345974 -2.7487e-20)
(1.70341 0.408767 -2.63899e-20)
(1.83624 0.490304 3.56515e-20)
(1.28934 0.103247 -1.41279e-20)
(1.31699 0.115082 3.51337e-20)
(1.3496 0.128901 -2.62843e-20)
(1.3884 0.145217 -9.37477e-21)
(1.43499 0.164714 -1.8542e-20)
(1.49161 0.188315 3.28253e-20)
(1.5613 0.217299 -1.38541e-20)
(1.6484 0.253468 -4.26339e-20)
(1.75922 0.29944 -2.94919e-20)
(1.90316 0.359135 1.07718e-20)
(1.3029 0.0631748 -1.75923e-21)
(1.33194 0.0703875 7.68713e-22)
(1.3662 0.0788128 4.36675e-21)
(1.40698 0.0887606 8.49266e-21)
(1.45599 0.100646 -2.43765e-21)
(1.51555 0.115031 4.60142e-21)
(1.58888 0.132692 5.0762e-21)
(1.68055 0.15473 -1.48407e-20)
(1.79718 0.182739 -4.67799e-21)
(1.94869 0.21911 -1.02291e-20)
(1.30975 0.0216269 -8.55922e-21)
(1.33949 0.0240365 -5.84873e-23)
(1.37459 0.0268513 8.31845e-22)
(1.41638 0.0301739 -6.10038e-21)
(1.4666 0.034143 -8.15476e-21)
(1.52764 0.0389455 1.74985e-21)
(1.60282 0.0448407 -3.89214e-21)
(1.69679 0.0521956 7.89535e-22)
(1.81636 0.0615445 -3.58014e-21)
(1.97168 0.0736889 -1.12154e-20)
(0.760713 0.0211842 -2.23978e-21)
(0.730847 0.0235107 -2.66758e-21)
(0.695724 0.0262851 -2.22295e-21)
(0.654032 0.0295985 -1.14832e-21)
(0.603962 0.0335828 3.97302e-21)
(0.54311 0.0384205 1.72262e-21)
(0.468161 0.0443665 1.94855e-22)
(0.374435 0.0517845 6.12975e-22)
(0.255147 0.0612019 -2.51907e-22)
(0.100153 0.0734057 -6.55648e-22)
(0.767176 0.062903 1.66225e-21)
(0.738169 0.0698751 -1.41744e-20)
(0.703996 0.078158 3.26753e-21)
(0.663383 0.0880333 7.7561e-21)
(0.614575 0.0998983 -4.64003e-21)
(0.555235 0.114297 -3.18643e-21)
(0.482133 0.131991 -2.59829e-22)
(0.390705 0.154063 -1.2493e-21)
(0.27433 0.182088 -1.92715e-22)
(0.123129 0.21842 -1.41524e-21)
(0.780175 0.102822 1.17013e-21)
(0.752765 0.114353 -4.54738e-21)
(0.720411 0.128001 -6.85278e-21)
(0.681896 0.144238 -5.38205e-22)
(0.635563 0.16372 8.55639e-22)
(0.579197 0.187344 -4.71082e-21)
(0.509737 0.216361 -1.2162e-20)
(0.42285 0.252551 -1.99014e-20)
(0.312246 0.298503 2.1236e-21)
(0.16854 0.358089 2.70008e-21)
(0.799451 0.139927 -4.61645e-20)
(0.77437 0.155823 1.84578e-22)
(0.744647 0.174578 2.60782e-20)
(0.70918 0.196836 1.87929e-20)
(0.666452 0.223495 -1.17117e-20)
(0.614434 0.255787 5.26688e-21)
(0.550312 0.295428 1.1497e-20)
(0.470091 0.344857 2.55374e-21)
(0.367968 0.407615 8.5992e-21)
(0.235275 0.488997 1.03758e-20)
(0.824784 0.173231 -2.81604e-20)
(0.802638 0.193257 -5.54869e-20)
(0.77624 0.216762 -1.69644e-20)
(0.744642 0.244558 -7.94937e-21)
(0.706527 0.277775 -2.6454e-20)
(0.660104 0.31796 2.67624e-20)
(0.602873 0.36726 -9.94701e-21)
(0.531276 0.428718 -5.77217e-21)
(0.440134 0.506746 -2.1307e-20)
(0.321708 0.607934 7.42774e-21)
(0.855958 0.201997 1.06834e-19)
(0.837127 0.225849 5.62307e-20)
(0.814545 0.253622 3.46002e-20)
(0.787476 0.28631 2.09744e-20)
(0.754829 0.325279 -5.0498e-20)
(0.71509 0.372366 -1.81498e-20)
(0.666128 0.430108 1.43808e-20)
(0.604901 0.50208 -1.07262e-20)
(0.526977 0.59346 -3.92307e-20)
(0.42573 0.711977 -2.24301e-20)
(0.892732 0.22594 8.51523e-20)
(0.877196 0.253121 3.20867e-20)
(0.858674 0.284464 3.87326e-20)
(0.836614 0.321197 3.2822e-20)
(0.810138 0.364912 3.33491e-20)
(0.778013 0.417707 -7.60306e-20)
(0.738504 0.482445 -1.97315e-20)
(0.689146 0.563145 3.23371e-21)
(0.62636 0.665623 -7.22412e-20)
(0.544794 0.798559 -7.62014e-20)
(0.934265 0.245473 2.54436e-20)
(0.921632 0.274959 -4.70064e-20)
(0.907291 0.308818 7.40756e-21)
(0.890664 0.348496 -6.49399e-21)
(0.870979 0.395759 4.27489e-20)
(0.847257 0.452889 -6.59076e-20)
(0.818182 0.522987 -1.11904e-19)
(0.781922 0.610408 1.80013e-20)
(0.735833 0.721451 -2.67509e-20)
(0.675978 0.865532 -4.3832e-20)
(0.977404 0.261375 1.26432e-20)
(0.968037 0.29126 2.75548e-20)
(0.958512 0.326196 -2.66148e-20)
(0.947951 0.367544 -3.7121e-20)
(0.935685 0.417042 -3.96795e-20)
(0.921036 0.477025 -1.89174e-20)
(0.903163 0.550718 -9.11356e-20)
(0.880926 0.642685 -1.34138e-20)
(0.852697 0.759549 -7.71299e-21)
(0.816052 0.911221 -1.45428e-20)
(1.01543 0.272175 6.26372e-22)
(1.01351 0.300772 4.7566e-21)
(1.01054 0.335664 -3.44988e-20)
(1.0069 0.377592 -6.68369e-20)
(1.00261 0.428087 -8.52953e-20)
(0.997509 0.489436 -1.85558e-20)
(0.991339 0.564905 -9.65615e-21)
(0.983713 0.659151 -2.83355e-21)
(0.974068 0.778957 -3.17055e-20)
(0.961565 0.934482 -1.96082e-20)
(0.995931 0.00383039 1.49864e-22)
(0.990261 0.00153501 6.0484e-22)
(0.986856 0.00168371 1.1815e-21)
(0.983144 0.00185176 1.28437e-21)
(0.979083 0.00204151 1.51733e-22)
(0.974626 0.00225686 -1.32316e-21)
(0.969722 0.00250301 -1.21577e-21)
(0.964304 0.00278639 -9.66524e-22)
(0.958295 0.00311486 -1.69475e-22)
(0.9516 0.00349849 -5.06026e-22)
(0.944101 0.00395079 -1.21272e-21)
(0.935651 0.00449077 -1.51654e-21)
(0.926058 0.00514562 -5.73055e-21)
(0.915068 0.00595391 -7.6656e-21)
(0.902344 0.00696785 -7.54353e-21)
(0.887433 0.0082554 -4.08609e-21)
(0.869744 0.00990342 3.1926e-21)
(0.84851 0.0120156 5.10199e-21)
(0.822744 0.0147323 -1.33929e-21)
(0.791071 0.0183193 -2.86077e-21)
(0.99607 0.0113272 -8.82906e-22)
(0.990511 0.00457444 -5.48199e-22)
(0.987139 0.0050213 9.12611e-22)
(0.983463 0.00552424 1.2482e-21)
(0.979443 0.00609131 6.83774e-22)
(0.975035 0.00673524 2.67233e-21)
(0.970185 0.00747241 -1.84749e-21)
(0.964826 0.00832255 -5.95958e-21)
(0.95888 0.00930943 -5.69429e-21)
(0.95225 0.0104628 6.07502e-22)
(0.944819 0.0118218 1.45429e-20)
(0.936447 0.0134412 1.95177e-20)
(0.926954 0.0153992 1.84608e-20)
(0.916111 0.0178082 1.89893e-20)
(0.90361 0.0208233 6.87726e-21)
(0.889043 0.0246509 -5.34356e-21)
(0.871859 0.0295493 1.74185e-20)
(0.851341 0.0358376 1.5869e-20)
(0.826571 0.0439242 1.10515e-20)
(0.79635 0.0545467 2.88554e-20)
(0.996349 0.0183779 8.03741e-22)
(0.991013 0.00755435 -1.5204e-21)
(0.9877 0.00829733 3.22155e-21)
(0.984092 0.00912831 5.65403e-21)
(0.980154 0.0100638 -4.06418e-22)
(0.975846 0.0111278 3.71203e-21)
(0.971114 0.0123497 -3.70492e-21)
(0.965889 0.0137643 -2.04947e-20)
(0.96009 0.0154116 -7.66006e-21)
(0.953618 0.0173406 3.18163e-21)
(0.946358 0.0196133 1.25029e-20)
(0.938177 0.0223141 2.14719e-20)
(0.928918 0.025563 1.60972e-20)
(0.918392 0.0295344 2.70655e-20)
(0.906358 0.0344781 1.77281e-20)
(0.892492 0.0407348 -2.11974e-20)
(0.876346 0.0487441 -2.58949e-20)
(0.857311 0.0590432 7.45616e-22)
(0.834584 0.0723042 4.40694e-20)
(0.807204 0.0895972 5.58861e-20)
(0.996754 0.0247359 -2.53771e-21)
(0.991745 0.0104618 3.21114e-21)
(0.988506 0.0114929 8.09442e-21)
(0.984989 0.0126373 5.31021e-24)
(0.981169 0.0139226 -3.10809e-21)
(0.97701 0.0153875 -3.828e-21)
(0.972461 0.0170778 -1.91096e-20)
(0.967455 0.0190452 8.7147e-21)
(0.961907 0.0213485 2.18697e-20)
(0.955717 0.0240556 2.53699e-21)
(0.94877 0.0272498 -1.13336e-22)
(0.940935 0.0310388 -3.5141e-21)
(0.932074 0.0355718 -5.42923e-21)
(0.922042 0.0410653 -1.70565e-20)
(0.91068 0.0478385 1.37442e-20)
(0.897803 0.0563512 4.72172e-20)
(0.883138 0.0672241 9.78922e-21)
(0.866267 0.0812321 -2.09729e-20)
(0.846584 0.0993256 -1.77372e-20)
(0.82344 0.122691 -5.03369e-20)
(0.99727 0.0301726 4.69106e-22)
(0.992686 0.0132829 5.2315e-21)
(0.989521 0.0145898 1.65297e-20)
(0.986103 0.0160232 6.90879e-21)
(0.982423 0.0176269 -1.01225e-20)
(0.978455 0.0194588 -1.04261e-20)
(0.974155 0.0215849 -1.65158e-20)
(0.969458 0.0240767 -2.32137e-20)
(0.964286 0.0270134 -2.10688e-20)
(0.958538 0.0304848 4.11636e-21)
(0.952101 0.0345963 -1.48325e-20)
(0.944844 0.0394772 -5.38766e-20)
(0.936634 0.0452969 -6.74279e-20)
(0.927349 0.052291 -6.62735e-20)
(0.916904 0.0608101 -3.64136e-20)
(0.905259 0.0713831 1.09368e-20)
(0.892405 0.0847829 3.22985e-20)
(0.87826 0.102038 1.57062e-20)
(0.862557 0.124428 -1.38825e-20)
(0.845002 0.152953 -3.16237e-20)
(0.997885 0.0345058 -9.94719e-22)
(0.993817 0.0160222 -5.59467e-22)
(0.990706 0.0175876 6.19504e-21)
(0.987376 0.0192731 3.35472e-21)
(0.983843 0.0211479 3.48283e-21)
(0.980094 0.0232962 -1.30279e-20)
(0.976093 0.0258064 -2.76792e-20)
(0.971789 0.0287711 2.08346e-21)
(0.967113 0.0322914 -1.35195e-20)
(0.96198 0.0364809 -1.95712e-20)
(0.956289 0.0414716 4.80152e-21)
(0.949918 0.04742 3.83684e-20)
(0.942735 0.0545177 2.83342e-20)
(0.934614 0.0630118 3.05528e-20)
(0.925484 0.0732466 5.88759e-20)
(0.915396 0.0857452 7.90646e-21)
(0.904595 0.101327 -7.53734e-20)
(0.893495 0.12121 -1.34978e-19)
(0.8825 0.147063 -6.94501e-20)
(0.87173 0.179415 7.28737e-20)
(0.99859 0.037594 2.12371e-22)
(0.995127 0.0187068 -1.15309e-20)
(0.992022 0.020506 -1.13195e-22)
(0.988751 0.0223879 2.47942e-21)
(0.985358 0.0244698 -2.10997e-20)
(0.98184 0.0268693 2.30778e-21)
(0.978171 0.0296965 2.36412e-20)
(0.974313 0.0330624 5.64091e-20)
(0.97022 0.0370869 1.1356e-20)
(0.96584 0.0419075 -3.37213e-20)
(0.961107 0.0476853 -8.09945e-21)
(0.955939 0.0546118 -8.23936e-21)
(0.950234 0.0629155 2.11977e-20)
(0.943874 0.0728714 3.23729e-20)
(0.936757 0.0848226 -3.10656e-20)
(0.928886 0.0992355 -7.23136e-20)
(0.92056 0.116823 4.1985e-21)
(0.912613 0.138725 1.83733e-20)
(0.906521 0.1668 -8.29277e-20)
(0.903228 0.2011 -4.90718e-20)
(0.999393 0.0393151 4.76713e-21)
(0.996622 0.0214005 8.76504e-21)
(0.993432 0.0233802 -7.20614e-21)
(0.990175 0.0253697 -1.41477e-20)
(0.986916 0.0275779 1.33369e-20)
(0.98364 0.0301567 3.37096e-20)
(0.980319 0.0332295 4.9046e-20)
(0.976929 0.0369165 3.33913e-20)
(0.973453 0.0413498 2.20516e-20)
(0.969883 0.046684 1.63364e-20)
(0.966214 0.0531058 -1.17722e-20)
(0.962443 0.0608419 1.07831e-20)
(0.958558 0.0701676 -1.3766e-20)
(0.954533 0.0814136 -4.52851e-20)
(0.950309 0.0949711 3.88127e-20)
(0.94582 0.111304 8.88416e-20)
(0.941128 0.130983 2.86082e-20)
(0.936836 0.154737 4.60909e-20)
(0.935108 0.183654 2.19392e-20)
(0.938466 0.217542 -1.95377e-20)
(1.00034 0.0395186 -2.42153e-22)
(0.998341 0.0242689 -6.92099e-21)
(0.994868 0.0262509 -1.9292e-20)
(0.991597 0.0282015 1.10605e-20)
(0.988502 0.0304452 5.1992e-21)
(0.985503 0.0331377 -4.80885e-21)
(0.982555 0.0363945 5.46613e-20)
(0.979644 0.040332 4.33403e-20)
(0.976782 0.0450845 -1.41795e-21)
(0.974005 0.0508154 -1.8141e-21)
(0.971373 0.0577262 -1.60175e-20)
(0.968975 0.0660676 -1.65789e-20)
(0.966931 0.0761513 2.04758e-20)
(0.96539 0.0883625 1.29972e-20)
(0.964521 0.103172 -2.89999e-20)
(0.964458 0.121143 7.87237e-21)
(0.965221 0.142907 6.43812e-20)
(0.966623 0.168958 9.92781e-21)
(0.968998 0.198614 1.1247e-20)
(0.975174 0.23011 5.0694e-20)
(1.00163 0.0378853 -2.22588e-21)
(1.00039 0.0277869 -7.15142e-21)
(0.996152 0.0290972 4.8325e-21)
(0.992941 0.0308145 -1.38943e-21)
(0.9901 0.0330241 -2.22849e-20)
(0.987424 0.0357953 2.10175e-20)
(0.984839 0.0392093 6.48106e-21)
(0.982325 0.0433692 9.53779e-21)
(0.979899 0.048407 5.72222e-20)
(0.977602 0.0544897 1.63641e-20)
(0.97551 0.0618279 -4.83781e-20)
(0.973736 0.0706862 -8.88554e-20)
(0.972444 0.0813966 1.97993e-20)
(0.971868 0.0943753 1.20411e-19)
(0.972335 0.110144 2.8994e-20)
(0.974295 0.129343 3.92918e-21)
(0.97836 0.152694 -3.37719e-20)
(0.985246 0.180566 -1.14627e-19)
(0.994615 0.210862 -4.53479e-20)
(1.00541 0.240562 -6.01553e-22)
(1.00085 0.0357636 0)
(0.999963 0.0314314 0)
(0.996788 0.0318896 0)
(0.994055 0.0332912 0)
(0.991552 0.0353972 0)
(0.989156 0.0381692 0)
(0.986807 0.0416448 0)
(0.984477 0.0459052 0)
(0.982169 0.0510671 0)
(0.979914 0.0572831 0)
(0.977785 0.064746 0)
(0.975904 0.0736949 0)
(0.974474 0.0844231 0)
(0.973813 0.097286 0)
(0.974426 0.112704 0)
(0.977108 0.131148 0)
(0.983119 0.153043 0)
(0.99424 0.178362 0)
(1.01175 0.20534 0)
(1.03497 0.23234 0)
(0.999969 0.0349381 0)
(0.99917 0.0339191 0)
(0.997497 0.0342286 0)
(0.995694 0.0354685 0)
(0.993937 0.0374632 0)
(0.992258 0.0401613 0)
(0.990666 0.0435793 0)
(0.989178 0.0477754 0)
(0.987831 0.0528403 0)
(0.986692 0.0588934 0)
(0.985867 0.0660821 0)
(0.985517 0.0745819 0)
(0.985884 0.0845939 0)
(0.987318 0.0963378 0)
(0.990321 0.110032 0)
(0.995613 0.125843 0)
(1.00417 0.143779 0)
(1.01719 0.16348 0)
(1.03588 0.184016 0)
(1.06168 0.204637 0)
(0.999828 0.0351334 0)
(0.999253 0.0350818 0)
(0.998337 0.0356401 0)
(0.99729 0.0368941 0)
(0.996244 0.0388284 0)
(0.995272 0.0414363 0)
(0.994421 0.0447382 0)
(0.993738 0.0487795 0)
(0.993287 0.0536282 0)
(0.993156 0.0593711 0)
(0.993473 0.0661106 0)
(0.994416 0.0739605 0)
(0.99623 0.0830377 0)
(0.999251 0.0934462 0)
(1.00393 0.10525 0)
(1.01086 0.11842 0)
(1.02076 0.132757 0)
(1.03448 0.147775 0)
(1.05291 0.162616 0)
(1.07706 0.176096 0)
(0.999918 0.0353835 0)
(0.999677 0.0356391 0)
(0.999309 0.0363599 0)
(0.998883 0.037643 0)
(0.998479 0.0395235 0)
(0.998167 0.0420211 0)
(0.998009 0.045161 0)
(0.998068 0.0489798 0)
(0.998422 0.0535256 0)
(0.999174 0.0588557 0)
(1.00046 0.0650324 0)
(1.00244 0.0721161 0)
(1.00537 0.0801547 0)
(1.00953 0.0891652 0)
(1.0153 0.099107 0)
(1.02312 0.109839 0)
(1.03352 0.121063 0)
(1.04705 0.132253 0)
(1.0642 0.142585 0)
(1.08534 0.150863 0)
(1.00008 0.0353805 0)
(1.00023 0.035735 0)
(1.00034 0.0365204 0)
(1.00045 0.0377977 0)
(1.00062 0.0396044 0)
(1.00091 0.0419663 0)
(1.00138 0.0449077 0)
(1.0021 0.0484558 0)
(1.00316 0.0526413 0)
(1.00466 0.0574964 0)
(1.00673 0.0630499 0)
(1.00954 0.06932 0)
(1.01328 0.076303 0)
(1.0182 0.083957 0)
(1.0246 0.0921784 0)
(1.03281 0.100771 0)
(1.04317 0.109409 0)
(1.056 0.117591 0)
(1.07152 0.12461 0)
(1.08973 0.129519 0)
(1.00027 0.0350251 0)
(1.00082 0.0354032 0)
(1.00137 0.0361919 0)
(1.00197 0.0374256 0)
(1.00265 0.0391324 0)
(1.00347 0.0413343 0)
(1.0045 0.0440497 0)
(1.0058 0.0472961 0)
(1.00746 0.0510892 0)
(1.00958 0.0554403 0)
(1.01228 0.0603525 0)
(1.0157 0.0658128 0)
(1.02001 0.0717825 0)
(1.0254 0.0781836 0)
(1.03211 0.0848812 0)
(1.04035 0.0916619 0)
(1.05034 0.0982119 0)
(1.06225 0.104096 0)
(1.07613 0.108747 0)
(1.09185 0.111481 0)
(1.00046 0.0342932 0)
(1.0014 0.0346639 0)
(1.00236 0.0354207 0)
(1.00339 0.0365826 0)
(1.00453 0.0381677 0)
(1.00583 0.0401906 0)
(1.00734 0.0426626 0)
(1.00914 0.0455915 0)
(1.01131 0.0489803 0)
(1.01393 0.0528247 0)
(1.01711 0.0571084 0)
(1.02097 0.0617975 0)
(1.02565 0.0668319 0)
(1.0313 0.0721152 0)
(1.03808 0.0775018 0)
(1.04614 0.0827847 0)
(1.0556 0.0876824 0)
(1.06653 0.0918335 0)
(1.0789 0.0948014 0)
(1.09254 0.0960989 0)
(1.00064 0.0331926 0)
(1.00194 0.0335413 0)
(1.00329 0.0342467 0)
(1.00471 0.0353186 0)
(1.00626 0.036767 0)
(1.00797 0.0385995 0)
(1.0099 0.0408202 0)
(1.01212 0.0434284 0)
(1.0147 0.0464173 0)
(1.01771 0.0497707 0)
(1.02125 0.0534598 0)
(1.02542 0.0574377 0)
(1.03032 0.0616334 0)
(1.03607 0.0659439 0)
(1.04278 0.070227 0)
(1.05053 0.0742928 0)
(1.05939 0.0779 0)
(1.06937 0.0807559 0)
(1.0804 0.0825273 0)
(1.0923 0.0828644 0)
(1.00081 0.0317447 0)
(1.00245 0.0320645 0)
(1.00414 0.0327082 0)
(1.00591 0.03368 0)
(1.00781 0.034984 0)
(1.00988 0.0366219 0)
(1.01217 0.0385917 0)
(1.01474 0.0408861 0)
(1.01765 0.0434908 0)
(1.02097 0.046382 0)
(1.02477 0.0495231 0)
(1.02914 0.0528608 0)
(1.03416 0.0563203 0)
(1.0399 0.0598005 0)
(1.04643 0.0631692 0)
(1.05382 0.0662595 0)
(1.06207 0.0688688 0)
(1.07116 0.0707634 0)
(1.08101 0.0716889 0)
(1.09146 0.0713892 0)
(1.00096 0.0299785 0)
(1.00291 0.0302662 0)
(1.00491 0.0308435 0)
(1.00699 0.0317111 0)
(1.0092 0.0328688 0)
(1.01157 0.0343139 0)
(1.01416 0.0360399 0)
(1.01702 0.0380346 0)
(1.02019 0.0402789 0)
(1.02374 0.0427444 0)
(1.02773 0.0453907 0)
(1.03222 0.0481626 0)
(1.03726 0.0509868 0)
(1.04292 0.0537686 0)
(1.04924 0.0563898 0)
(1.05623 0.0587067 0)
(1.0639 0.0605523 0)
(1.07219 0.0617405 0)
(1.08102 0.0620764 0)
(1.09025 0.0613698 0)
(1.0011 0.0279257 0)
(1.00332 0.0281805 0)
(1.00559 0.0286902 0)
(1.00794 0.0294537 0)
(1.01041 0.0304677 0)
(1.01305 0.0317266 0)
(1.01589 0.0332206 0)
(1.01898 0.0349346 0)
(1.02236 0.0368468 0)
(1.02608 0.0389267 0)
(1.03019 0.0411332 0)
(1.03474 0.0434125 0)
(1.03976 0.0456958 0)
(1.0453 0.0478975 0)
(1.05137 0.0499142 0)
(1.05798 0.0516249 0)
(1.0651 0.0528926 0)
(1.07268 0.0535702 0)
(1.08064 0.0535072 0)
(1.08884 0.0525607 0)
(1.00122 0.0256195 0)
(1.00367 0.0258415 0)
(1.00618 0.026285 0)
(1.00877 0.0269471 0)
(1.01147 0.0278231 0)
(1.01433 0.0289053 0)
(1.01737 0.0301823 0)
(1.02064 0.0316375 0)
(1.02418 0.0332479 0)
(1.02803 0.0349832 0)
(1.03222 0.0368036 0)
(1.03678 0.0386588 0)
(1.04175 0.0404865 0)
(1.04714 0.0422112 0)
(1.05297 0.0437445 0)
(1.05921 0.0449853 0)
(1.06584 0.0458228 0)
(1.07281 0.0461404 0)
(1.08001 0.0458218 0)
(1.08735 0.0447591 0)
(1.00132 0.0230922 0)
(1.00398 0.0232826 0)
(1.00669 0.0236623 0)
(1.00948 0.0242278 0)
(1.01237 0.0249733 0)
(1.01541 0.0258905 0)
(1.01862 0.0269669 0)
(1.02204 0.0281859 0)
(1.0257 0.029525 0)
(1.02964 0.0309552 0)
(1.03387 0.0324397 0)
(1.03842 0.033933 0)
(1.04331 0.0353801 0)
(1.04856 0.0367162 0)
(1.05414 0.0378666 0)
(1.06006 0.0387485 0)
(1.06626 0.0392722 0)
(1.07268 0.0393462 0)
(1.07926 0.0388807 0)
(1.08588 0.0377937 0)
(1.00141 0.0203755 0)
(1.00424 0.0205358 0)
(1.00712 0.0208551 0)
(1.01008 0.0213295 0)
(1.01313 0.021953 0)
(1.01632 0.0227172 0)
(1.01967 0.0236099 0)
(1.0232 0.024615 0)
(1.02695 0.0257117 0)
(1.03094 0.0268734 0)
(1.03519 0.0280673 0)
(1.03972 0.0292536 0)
(1.04453 0.0303849 0)
(1.04963 0.0314066 0)
(1.055 0.032257 0)
(1.06062 0.0328688 0)
(1.06644 0.0331708 0)
(1.07241 0.0330911 0)
(1.07846 0.0325608 0)
(1.08449 0.031518 0)
(1.00148 0.0174991 0)
(1.00446 0.0176311 0)
(1.00748 0.0178935 0)
(1.01058 0.0182827 0)
(1.01376 0.018793 0)
(1.01707 0.0194161 0)
(1.02052 0.0201411 0)
(1.02415 0.0209532 0)
(1.02796 0.0218339 0)
(1.03199 0.0227599 0)
(1.03625 0.0237029 0)
(1.04074 0.0246291 0)
(1.04547 0.0254991 0)
(1.05043 0.0262678 0)
(1.05561 0.0268854 0)
(1.06097 0.0272981 0)
(1.06648 0.0274501 0)
(1.07207 0.0272859 0)
(1.07769 0.0267529 0)
(1.08323 0.0258048 0)
(1.00154 0.0144913 0)
(1.00464 0.0145967 0)
(1.00778 0.0148059 0)
(1.01098 0.0151155 0)
(1.01427 0.0155205 0)
(1.01767 0.0160137 0)
(1.0212 0.0165855 0)
(1.0249 0.0172231 0)
(1.02876 0.017911 0)
(1.03281 0.0186296 0)
(1.03706 0.0193554 0)
(1.04152 0.0200609 0)
(1.04617 0.0207143 0)
(1.05102 0.0212797 0)
(1.05603 0.0217179 0)
(1.06118 0.0219872 0)
(1.06643 0.0220447 0)
(1.07172 0.0218484 0)
(1.07698 0.0213592 0)
(1.08214 0.020543 0)
(1.00159 0.0113785 0)
(1.00478 0.0114589 0)
(1.008 0.0116181 0)
(1.01129 0.0118532 0)
(1.01466 0.0121602 0)
(1.01813 0.0125331 0)
(1.02173 0.0129641 0)
(1.02547 0.0134431 0)
(1.02937 0.0139575 0)
(1.03344 0.0144919 0)
(1.03768 0.0150281 0)
(1.0421 0.0155446 0)
(1.04669 0.016017 0)
(1.05143 0.0164182 0)
(1.05631 0.0167185 0)
(1.0613 0.016887 0)
(1.06634 0.0168921 0)
(1.07139 0.016703 0)
(1.07638 0.0162918 0)
(1.08124 0.015634 0)
(1.00162 0.00818548 0)
(1.00488 0.00824249 0)
(1.00817 0.00835436 0)
(1.01152 0.00851915 0)
(1.01495 0.00873392 0)
(1.01847 0.00899435 0)
(1.02211 0.0092947 0)
(1.02589 0.00962758 0)
(1.02981 0.00998385 0)
(1.03388 0.0103524 0)
(1.03812 0.0107202 0)
(1.04251 0.011072 0)
(1.04704 0.0113905 0)
(1.05172 0.0116568 0)
(1.0565 0.0118502 0)
(1.06135 0.0119493 0)
(1.06624 0.0119325 0)
(1.07112 0.0117791 0)
(1.07591 0.01147 0)
(1.08056 0.0109896 0)
(1.00164 0.00493541 0)
(1.00494 0.00497104 0)
(1.00828 0.00503741 0)
(1.01167 0.00513494 0)
(1.01513 0.00526186 0)
(1.01869 0.00541561 0)
(1.02236 0.00559266 0)
(1.02616 0.00578854 0)
(1.03009 0.00599772 0)
(1.03417 0.00621352 0)
(1.0384 0.00642806 0)
(1.04277 0.00663227 0)
(1.04727 0.00681591 0)
(1.05189 0.00696772 0)
(1.05661 0.00707553 0)
(1.06138 0.00712683 0)
(1.06617 0.00710893 0)
(1.07093 0.00700997 0)
(1.07559 0.00681941 0)
(1.0801 0.00652881 0)
(1.00166 0.0016495 0)
(1.00498 0.00166227 0)
(1.00833 0.00168424 0)
(1.01174 0.00171647 0)
(1.01523 0.00175841 0)
(1.0188 0.0018092 0)
(1.02249 0.00186765 0)
(1.02629 0.00193226 0)
(1.03023 0.00200119 0)
(1.03431 0.0020722 0)
(1.03854 0.00214267 0)
(1.04289 0.00220959 0)
(1.04738 0.00226957 0)
(1.05198 0.00231883 0)
(1.05666 0.0023535 0)
(1.06139 0.00236927 0)
(1.06613 0.00236204 0)
(1.07083 0.00232804 0)
(1.07543 0.00226387 0)
(1.07987 0.00216734 0)
(1.06499 0.234297 -1.27795e-20)
(1.1011 0.228526 -1.04303e-20)
(1.13666 0.21941 2.83687e-20)
(1.16973 0.201262 9.65905e-21)
(1.1992 0.177911 -5.12913e-23)
(1.22452 0.150785 -1.28586e-20)
(1.24528 0.120642 -9.03804e-21)
(1.26116 0.0881111 -2.16781e-21)
(1.27189 0.0538315 1.04889e-21)
(1.27728 0.0184828 1.00653e-22)
(1.09065 0.207383 -2.0873e-20)
(1.11944 0.197684 -1.05137e-20)
(1.14664 0.186973 -1.11216e-20)
(1.17095 0.169643 2.76024e-21)
(1.19186 0.148164 -4.30169e-21)
(1.20965 0.124221 -8.40182e-21)
(1.22429 0.0985575 7.89625e-21)
(1.23558 0.0715776 1.37765e-21)
(1.24328 0.0436176 -1.14912e-21)
(1.24718 0.0150448 5.30424e-22)
(1.10102 0.177963 3.2325e-20)
(1.12224 0.165947 -8.78651e-21)
(1.14323 0.154986 -7.8467e-20)
(1.16306 0.141055 -6.11573e-21)
(1.18018 0.123457 2.27687e-20)
(1.1943 0.103349 -8.03309e-21)
(1.20556 0.0817075 4.8746e-23)
(1.21403 0.0591274 -2.85972e-21)
(1.21973 0.0359636 3.67895e-22)
(1.22259 0.0124703 -6.52686e-23)
(1.10507 0.152704 3.03518e-20)
(1.12163 0.140238 -4.35714e-20)
(1.13783 0.128325 -6.27471e-20)
(1.15356 0.116349 3.22564e-21)
(1.16766 0.102262 3.43034e-20)
(1.17942 0.0859979 -1.11876e-20)
(1.18866 0.0681612 -7.41226e-21)
(1.19545 0.0493697 9.84368e-22)
(1.19992 0.0300569 1.35361e-21)
(1.20213 0.010495 1.99874e-24)
(1.10621 0.130927 -5.82179e-20)
(1.11974 0.119253 -5.47545e-20)
(1.13257 0.107287 -4.91988e-20)
(1.14486 0.0962647 2.9723e-20)
(1.15617 0.0845514 1.44515e-20)
(1.16588 0.0714182 -1.79353e-20)
(1.17363 0.0569084 -1.03621e-20)
(1.17933 0.0414046 5.99104e-21)
(1.18305 0.0253064 3.53496e-22)
(1.18488 0.00891611 -6.44974e-22)
(1.10578 0.112059 -2.03232e-20)
(1.11706 0.101616 -3.73049e-20)
(1.12749 0.0904691 -2.58052e-20)
(1.13723 0.0802908 1.20885e-20)
(1.14624 0.0701718 -3.17342e-21)
(1.15414 0.0593416 -6.74441e-21)
(1.16061 0.0475011 -8.69747e-21)
(1.16545 0.0347481 -1.40163e-21)
(1.16864 0.0213531 -7.35474e-22)
(1.17022 0.00760289 1.60784e-22)
(1.10441 0.095771 3.0261e-20)
(1.1139 0.0866166 -9.3941e-21)
(1.12256 0.0766845 1.7129e-20)
(1.13047 0.0674834 -1.30337e-20)
(1.13771 0.0586009 -2.68023e-20)
(1.14413 0.0494641 2.97198e-21)
(1.1495 0.0396788 4.14943e-21)
(1.1536 0.0291502 1.85685e-21)
(1.15636 0.0180076 -5.75103e-22)
(1.15774 0.00648455 3.07544e-22)
(1.10249 0.0817573 3.75393e-20)
(1.11055 0.0738168 -1.15005e-20)
(1.11785 0.0651767 7.31033e-21)
(1.12442 0.0570328 -1.58293e-21)
(1.13036 0.0492319 -1.92894e-20)
(1.13562 0.0414079 6.49795e-21)
(1.14008 0.0332063 5.41391e-22)
(1.14355 0.0244505 -1.00248e-21)
(1.14593 0.0151669 1.91027e-22)
(1.14713 0.00552442 8.99799e-23)
(1.10027 0.0697082 4.35517e-20)
(1.10718 0.0628698 7.20349e-21)
(1.11342 0.0554531 -5.64752e-21)
(1.11899 0.0483554 4.0201e-22)
(1.12397 0.0415426 -1.0955e-20)
(1.12837 0.0347978 1.35681e-20)
(1.1321 0.0278496 -7.62561e-22)
(1.13505 0.0205133 1.88185e-21)
(1.13709 0.0127595 -9.74541e-22)
(1.13814 0.00470032 -3.60738e-22)
(1.09794 0.0593264 2.20462e-20)
(1.10392 0.053474 2.9715e-21)
(1.10933 0.0471598 4.12728e-22)
(1.11414 0.0410405 2.7255e-21)
(1.11841 0.0351322 -2.73746e-22)
(1.12216 0.0293129 1.19093e-20)
(1.12534 0.0233919 -5.27241e-21)
(1.12785 0.0172116 -1.22407e-21)
(1.12961 0.0107222 -6.50085e-22)
(1.13053 0.00399383 3.08277e-22)
(1.09561 0.050342 1.26216e-20)
(1.10086 0.0453644 -2.44797e-21)
(1.10561 0.0400227 -1.06719e-20)
(1.10984 0.0347906 8.81772e-21)
(1.11358 0.0297041 -4.24953e-21)
(1.11684 0.0246982 5.00521e-21)
(1.11959 0.0196465 2.57062e-21)
(1.12178 0.014429 4.48173e-21)
(1.1233 0.00899546 6.17673e-22)
(1.12411 0.00338679 1.76798e-22)
(1.09337 0.0425158 -3.29054e-22)
(1.09804 0.0383123 1.54526e-20)
(1.10228 0.0338216 7.30323e-21)
(1.10607 0.029383 1.38625e-20)
(1.1094 0.0250385 -6.58265e-21)
(1.1123 0.0207576 -1.09447e-21)
(1.11473 0.0164609 1.7756e-22)
(1.11665 0.0120634 4.05225e-21)
(1.118 0.00752321 1.00045e-21)
(1.11871 0.00286192 1.67667e-22)
(1.09129 0.0356414 -1.88581e-20)
(1.09551 0.0321227 3.54781e-22)
(1.09935 0.0283768 1.99814e-21)
(1.10279 0.0246452 -7.6692e-22)
(1.10582 0.0209701 2.22861e-22)
(1.10844 0.0173418 5.64556e-21)
(1.11063 0.0137134 -1.31294e-21)
(1.11235 0.0100283 -2.66785e-21)
(1.11355 0.00625506 1.47821e-22)
(1.11419 0.00240312 4.38394e-22)
(1.08941 0.0295408 -3.29587e-21)
(1.09328 0.0266307 -3.07046e-21)
(1.09681 0.0235402 -1.08791e-20)
(1.09999 0.0204407 -7.44233e-21)
(1.10278 0.0173718 -2.0618e-21)
(1.10519 0.0143361 4.21844e-21)
(1.1072 0.0113084 4.70301e-21)
(1.10876 0.00825341 -1.88681e-22)
(1.10986 0.00514828 -1.02417e-22)
(1.11044 0.00199607 3.26856e-22)
(1.08777 0.0240622 2.96903e-21)
(1.09136 0.021697 1.03074e-20)
(1.09467 0.0191889 -5.42409e-21)
(1.09763 0.0166591 4.74901e-21)
(1.10025 0.0141434 1.55952e-22)
(1.1025 0.0116508 3.59929e-22)
(1.10437 0.00917067 -1.3751e-21)
(1.10582 0.00668154 -2.48257e-21)
(1.10683 0.00416785 -4.08355e-22)
(1.10737 0.00162882 -2.87114e-22)
(1.08638 0.0190753 -3.11025e-21)
(1.08977 0.0172036 -4.10137e-21)
(1.0929 0.0152201 -2.36099e-21)
(1.09571 0.0132101 4.957e-21)
(1.0982 0.0112042 3.84632e-21)
(1.10033 0.00921493 -9.21386e-22)
(1.10209 0.00723968 -3.59855e-21)
(1.10345 0.00526661 -1.37919e-21)
(1.1044 0.0032851 2.42799e-22)
(1.10491 0.00129236 -3.10968e-22)
(1.08525 0.0144678 -2.11826e-22)
(1.08851 0.0130498 -6.15416e-21)
(1.0915 0.0115469 -2.44481e-21)
(1.09421 0.010018 -1.73894e-21)
(1.09659 0.00848844 -3.63796e-22)
(1.09863 0.0069709 -6.03747e-23)
(1.10031 0.00546732 6.70535e-22)
(1.10161 0.00397171 -1.24724e-21)
(1.10251 0.00247705 -1.45972e-22)
(1.10299 0.000979627 2.76702e-22)
(1.08441 0.0101416 -6.35046e-23)
(1.08757 0.00914822 3.2754e-21)
(1.09048 0.00809404 4.02578e-21)
(1.0931 0.00701843 4.26596e-21)
(1.09541 0.00594052 7.2928e-22)
(1.09739 0.00487151 -9.91348e-22)
(1.09901 0.00381464 -2.47002e-21)
(1.10026 0.00276748 -2.95578e-21)
(1.10112 0.00172539 1.44208e-22)
(1.10158 0.000684926 3.12809e-22)
(1.08385 0.00600973 -1.1907e-21)
(1.08695 0.00542101 -2.64113e-21)
(1.08981 0.0047949 1.13722e-21)
(1.09239 0.00415471 3.04919e-24)
(1.09465 0.00351263 -7.50687e-22)
(1.09658 0.00287661 2.90834e-22)
(1.09816 0.00224924 -2.97099e-21)
(1.09937 0.00162991 -1.35435e-21)
(1.10021 0.00101569 -1.04986e-22)
(1.10066 0.000404006 -7.22005e-22)
(1.08359 0.0019829 1.07448e-21)
(1.08668 0.00179074 -2.21355e-21)
(1.08952 0.00158518 -4.89709e-22)
(1.09207 0.00137408 5.30916e-21)
(1.09431 0.00116178 1.73045e-21)
(1.0962 0.000951213 5.02539e-22)
(1.09775 0.000743513 -7.36845e-22)
(1.09893 0.000538609 -1.40605e-21)
(1.09975 0.000335667 8.82451e-22)
(1.10018 0.000133609 3.07835e-22)
(0.98424 -0.000734366 0)
(0.989572 -0.000470811 0)
(0.99302 -0.000307706 0)
(0.995286 -0.000203556 0)
(0.996789 -0.000135573 0)
(0.997792 -9.08941e-05 0)
(0.998465 -6.09579e-05 0)
(0.998916 -4.11727e-05 0)
(0.99922 -2.76288e-05 0)
(0.999425 -1.87979e-05 0)
(0.999563 -1.2543e-05 0)
(0.999657 -8.63771e-06 0)
(0.999719 -5.67228e-06 0)
(0.999762 -4.00568e-06 0)
(0.99979 -2.53642e-06 0)
(0.999809 -1.89229e-06 0)
(0.999822 -1.10668e-06 0)
(0.999831 -9.30124e-07 0)
(0.999836 -4.57076e-07 0)
(0.99984 -4.93616e-07 0)
(0.999843 -1.63067e-07 0)
(0.999845 -2.96246e-07 0)
(0.999846 -2.95053e-08 0)
(0.999847 -2.05887e-07 0)
(0.999848 3.32035e-08 0)
(0.999848 -1.62423e-07 0)
(0.999849 6.57026e-08 0)
(0.99985 -1.38461e-07 0)
(0.99985 8.49613e-08 0)
(0.99985 -1.23544e-07 0)
(0.999851 9.64398e-08 0)
(0.999851 -1.14347e-07 0)
(0.999851 1.01197e-07 0)
(0.999851 -1.10508e-07 0)
(0.999851 9.82634e-08 0)
(0.999851 -1.18756e-07 0)
(0.999851 8.85981e-08 0)
(0.999851 -1.01674e-07 0)
(0.999851 1.32782e-08 0)
(0.999851 1.44981e-08 0)
(0.984404 -0.00219229 0)
(0.989669 -0.00140672 0)
(0.99308 -0.000919849 0)
(0.995325 -0.000608659 0)
(0.996815 -0.000405557 0)
(0.997809 -0.000271834 0)
(0.998476 -0.000182489 0)
(0.998924 -0.000123112 0)
(0.999225 -8.28294e-05 0)
(0.999429 -5.61608e-05 0)
(0.999566 -3.77182e-05 0)
(0.999658 -2.57502e-05 0)
(0.99972 -1.71739e-05 0)
(0.999762 -1.18814e-05 0)
(0.999791 -7.7953e-06 0)
(0.99981 -5.54747e-06 0)
(0.999822 -3.51158e-06 0)
(0.999831 -2.6537e-06 0)
(0.999836 -1.55393e-06 0)
(0.99984 -1.32927e-06 0)
(0.999843 -6.56068e-07 0)
(0.999845 -7.19545e-07 0)
(0.999846 -2.39572e-07 0)
(0.999847 -4.34143e-07 0)
(0.999848 -4.14059e-08 0)
(0.999848 -2.96966e-07 0)
(0.999849 5.62386e-08 0)
(0.99985 -2.28969e-07 0)
(0.99985 1.04237e-07 0)
(0.99985 -1.96975e-07 0)
(0.999851 1.23346e-07 0)
(0.999851 -1.85919e-07 0)
(0.999851 1.24391e-07 0)
(0.999851 -1.86732e-07 0)
(0.999851 1.13749e-07 0)
(0.999851 -2.0459e-07 0)
(0.999851 9.75652e-08 0)
(0.999851 -1.63693e-07 0)
(0.999851 -2.05235e-08 0)
(0.999851 3.26706e-08 0)
(0.984726 -0.00362025 0)
(0.98986 -0.00232692 0)
(0.9932 -0.0015229 0)
(0.995403 -0.00100815 0)
(0.996865 -0.000672077 0)
(0.997843 -0.00045043 0)
(0.998498 -0.000302635 0)
(0.998939 -0.000203992 0)
(0.999235 -0.000137514 0)
(0.999436 -9.30036e-05 0)
(0.99957 -6.27605e-05 0)
(0.999661 -4.25758e-05 0)
(0.999723 -2.87165e-05 0)
(0.999764 -1.95722e-05 0)
(0.999792 -1.3172e-05 0)
(0.99981 -9.05867e-06 0)
(0.999823 -6.06228e-06 0)
(0.999831 -4.24301e-06 0)
(0.999837 -2.79929e-06 0)
(0.99984 -2.02498e-06 0)
(0.999843 -1.28865e-06 0)
(0.999845 -9.91093e-07 0)
(0.999846 -5.77956e-07 0)
(0.999847 -5.0013e-07 0)
(0.999848 -2.3722e-07 0)
(0.999848 -2.6469e-07 0)
(0.999849 -7.55014e-08 0)
(0.99985 -1.57101e-07 0)
(0.99985 -8.17057e-09 0)
(0.99985 -1.19869e-07 0)
(0.999851 4.87967e-09 0)
(0.999851 -1.2157e-07 0)
(0.999851 -9.09442e-09 0)
(0.999851 -1.37505e-07 0)
(0.999851 -2.82521e-08 0)
(0.999851 -1.57477e-07 0)
(0.999851 -3.85814e-08 0)
(0.999851 -1.05508e-07 0)
(0.999851 -9.69248e-08 0)
(0.999851 3.39958e-08 0)
(0.985197 -0.00500141 0)
(0.990143 -0.0032223 0)
(0.993379 -0.0021114 0)
(0.995518 -0.00139864 0)
(0.996941 -0.000932831 0)
(0.997893 -0.000625279 0)
(0.998532 -0.000420285 0)
(0.998961 -0.000283237 0)
(0.999251 -0.000191067 0)
(0.999446 -0.000129121 0)
(0.999577 -8.72673e-05 0)
(0.999666 -5.90828e-05 0)
(0.999726 -3.99906e-05 0)
(0.999766 -2.71295e-05 0)
(0.999793 -1.84011e-05 0)
(0.999811 -1.25216e-05 0)
(0.999823 -8.52153e-06 0)
(0.999831 -5.82489e-06 0)
(0.999837 -3.98093e-06 0)
(0.999841 -2.73434e-06 0)
(0.999843 -1.8729e-06 0)
(0.999845 -1.28856e-06 0)
(0.999846 -8.77367e-07 0)
(0.999847 -5.99593e-07 0)
(0.999848 -3.99773e-07 0)
(0.999848 -2.70192e-07 0)
(0.999849 -1.76415e-07 0)
(0.99985 -1.24215e-07 0)
(0.99985 -8.93283e-08 0)
(0.99985 -8.03435e-08 0)
(0.999851 -7.96874e-08 0)
(0.999851 -9.16401e-08 0)
(0.999851 -1.05487e-07 0)
(0.999851 -1.19567e-07 0)
(0.999851 -1.31406e-07 0)
(0.999851 -1.40631e-07 0)
(0.999851 -1.36469e-07 0)
(0.999851 -8.09985e-08 0)
(0.999851 -1.45059e-07 0)
(0.999851 2.69042e-08 0)
(0.985808 -0.00632021 0)
(0.990514 -0.00408369 0)
(0.993613 -0.00267977 0)
(0.995669 -0.0017766 0)
(0.99704 -0.00118557 0)
(0.997959 -0.000794913 0)
(0.998576 -0.000534479 0)
(0.998991 -0.000360198 0)
(0.99927 -0.000243068 0)
(0.999459 -0.000164218 0)
(0.999586 -0.000111058 0)
(0.999672 -7.51335e-05 0)
(0.99973 -5.09234e-05 0)
(0.999769 -3.44856e-05 0)
(0.999795 -2.34585e-05 0)
(0.999812 -1.59e-05 0)
(0.999824 -1.08871e-05 0)
(0.999832 -7.37669e-06 0)
(0.999837 -5.10587e-06 0)
(0.999841 -3.4401e-06 0)
(0.999843 -2.41915e-06 0)
(0.999845 -1.59628e-06 0)
(0.999846 -1.1489e-06 0)
(0.999847 -7.16964e-07 0)
(0.999848 -5.40039e-07 0)
(0.999849 -2.97694e-07 0)
(0.999849 -2.57525e-07 0)
(0.99985 -1.14725e-07 0)
(0.99985 -1.50817e-07 0)
(0.99985 -6.35642e-08 0)
(0.999851 -1.4303e-07 0)
(0.999851 -8.24637e-08 0)
(0.999851 -1.78585e-07 0)
(0.999851 -1.20297e-07 0)
(0.999851 -2.10079e-07 0)
(0.999851 -1.41782e-07 0)
(0.999851 -2.10047e-07 0)
(0.999851 -7.59295e-08 0)
(0.999851 -1.77123e-07 0)
(0.999851 1.70098e-08 0)
(0.986545 -0.00756339 0)
(0.990967 -0.00490264 0)
(0.993901 -0.00322271 0)
(0.995856 -0.00213869 0)
(0.997163 -0.00142814 0)
(0.99804 -0.000957912 0)
(0.99863 -0.000644286 0)
(0.999027 -0.000434249 0)
(0.999295 -0.00029311 0)
(0.999476 -0.000198011 0)
(0.999597 -0.000133955 0)
(0.99968 -9.05948e-05 0)
(0.999735 -6.144e-05 0)
(0.999772 -4.15758e-05 0)
(0.999797 -2.83166e-05 0)
(0.999814 -1.91601e-05 0)
(0.999825 -1.31526e-05 0)
(0.999833 -8.87824e-06 0)
(0.999838 -6.1771e-06 0)
(0.999841 -4.12779e-06 0)
(0.999843 -2.93404e-06 0)
(0.999845 -1.90184e-06 0)
(0.999846 -1.40037e-06 0)
(0.999847 -8.40369e-07 0)
(0.999848 -6.66103e-07 0)
(0.999849 -3.35421e-07 0)
(0.999849 -3.27123e-07 0)
(0.99985 -1.1709e-07 0)
(0.99985 -2.01357e-07 0)
(0.99985 -5.85113e-08 0)
(0.999851 -1.94583e-07 0)
(0.999851 -8.37788e-08 0)
(0.999851 -2.38512e-07 0)
(0.999851 -1.30106e-07 0)
(0.999851 -2.74726e-07 0)
(0.999851 -1.51471e-07 0)
(0.999851 -2.69387e-07 0)
(0.999851 -8.0442e-08 0)
(0.999851 -2.00724e-07 0)
(0.999851 7.28121e-09 0)
(0.987396 -0.00871982 0)
(0.991496 -0.00567158 0)
(0.994238 -0.00373538 0)
(0.996075 -0.00248178 0)
(0.997308 -0.00165849 0)
(0.998136 -0.00111293 0)
(0.998694 -0.000748817 0)
(0.99907 -0.000504789 0)
(0.999324 -0.000340798 0)
(0.999495 -0.000230226 0)
(0.99961 -0.000155783 0)
(0.999688 -0.00010534 0)
(0.999741 -7.14652e-05 0)
(0.999776 -4.83396e-05 0)
(0.9998 -3.29452e-05 0)
(0.999816 -2.22712e-05 0)
(0.999826 -1.53084e-05 0)
(0.999834 -1.03123e-05 0)
(0.999838 -7.19394e-06 0)
(0.999842 -4.78602e-06 0)
(0.999844 -3.42072e-06 0)
(0.999845 -2.19619e-06 0)
(0.999846 -1.63645e-06 0)
(0.999847 -9.61627e-07 0)
(0.999848 -7.83155e-07 0)
(0.999849 -3.75492e-07 0)
(0.999849 -3.90683e-07 0)
(0.99985 -1.2367e-07 0)
(0.99985 -2.46746e-07 0)
(0.99985 -5.78889e-08 0)
(0.999851 -2.40574e-07 0)
(0.999851 -8.8743e-08 0)
(0.999851 -2.91894e-07 0)
(0.999851 -1.4256e-07 0)
(0.999851 -3.32163e-07 0)
(0.999851 -1.63328e-07 0)
(0.999851 -3.21033e-07 0)
(0.999851 -8.82244e-08 0)
(0.999851 -2.20183e-07 0)
(0.999851 -9.83002e-10 0)
(0.988351 -0.00977994 0)
(0.992095 -0.00638378 0)
(0.994622 -0.00421331 0)
(0.996326 -0.00280295 0)
(0.997473 -0.00187471 0)
(0.998246 -0.00125869 0)
(0.998768 -0.000847227 0)
(0.99912 -0.000571249 0)
(0.999357 -0.000385752 0)
(0.999517 -0.000260605 0)
(0.999626 -0.000176372 0)
(0.999699 -0.00011925 0)
(0.999748 -8.09234e-05 0)
(0.999781 -5.47209e-05 0)
(0.999803 -3.7312e-05 0)
(0.999818 -2.52061e-05 0)
(0.999828 -1.73417e-05 0)
(0.999835 -1.16646e-05 0)
(0.999839 -8.1525e-06 0)
(0.999842 -5.40636e-06 0)
(0.999844 -3.87921e-06 0)
(0.999845 -2.47345e-06 0)
(0.999846 -1.85881e-06 0)
(0.999847 -1.07592e-06 0)
(0.999848 -8.93563e-07 0)
(0.999849 -4.13526e-07 0)
(0.999849 -4.50898e-07 0)
(0.99985 -1.30312e-07 0)
(0.99985 -2.89885e-07 0)
(0.99985 -5.7726e-08 0)
(0.999851 -2.84099e-07 0)
(0.999851 -9.35809e-08 0)
(0.999851 -3.41994e-07 0)
(0.999851 -1.54066e-07 0)
(0.999851 -3.85747e-07 0)
(0.999851 -1.73826e-07 0)
(0.999851 -3.68236e-07 0)
(0.999851 -9.58393e-08 0)
(0.999851 -2.37433e-07 0)
(0.999851 -7.44266e-09 0)
(0.989395 -0.0107357 0)
(0.992756 -0.00703343 0)
(0.995049 -0.00465256 0)
(0.996604 -0.00309956 0)
(0.997657 -0.00207504 0)
(0.998369 -0.00139402 0)
(0.99885 -0.000938727 0)
(0.999175 -0.000633099 0)
(0.999394 -0.000427619 0)
(0.999542 -0.000288906 0)
(0.999642 -0.000195562 0)
(0.99971 -0.000132214 0)
(0.999755 -8.97423e-05 0)
(0.999786 -6.06682e-05 0)
(0.999807 -4.13848e-05 0)
(0.99982 -2.79402e-05 0)
(0.99983 -1.92388e-05 0)
(0.999836 -1.29231e-05 0)
(0.99984 -9.04742e-06 0)
(0.999842 -5.98225e-06 0)
(0.999844 -4.30794e-06 0)
(0.999846 -2.72959e-06 0)
(0.999847 -2.06758e-06 0)
(0.999847 -1.18033e-06 0)
(0.999848 -9.98209e-07 0)
(0.999849 -4.47085e-07 0)
(0.999849 -5.08983e-07 0)
(0.99985 -1.34797e-07 0)
(0.99985 -3.32154e-07 0)
(0.99985 -5.59179e-08 0)
(0.999851 -3.26637e-07 0)
(0.999851 -9.62796e-08 0)
(0.999851 -3.90364e-07 0)
(0.999851 -1.62697e-07 0)
(0.999851 -4.37082e-07 0)
(0.999851 -1.81087e-07 0)
(0.999851 -4.12538e-07 0)
(0.999851 -1.01613e-07 0)
(0.999851 -2.53101e-07 0)
(0.999851 -1.22492e-08 0)
(0.990516 -0.011581 0)
(0.993471 -0.00761564 0)
(0.995513 -0.00504966 0)
(0.996909 -0.00336925 0)
(0.997859 -0.00225787 0)
(0.998503 -0.00151785 0)
(0.99894 -0.00102259 0)
(0.999235 -0.000689848 0)
(0.999435 -0.00046606 0)
(0.99957 -0.000314907 0)
(0.999661 -0.000213195 0)
(0.999723 -0.000144132 0)
(0.999764 -9.78467e-05 0)
(0.999792 -6.61373e-05 0)
(0.99981 -4.51257e-05 0)
(0.999823 -3.04551e-05 0)
(0.999831 -2.09788e-05 0)
(0.999837 -1.40811e-05 0)
(0.999841 -9.86595e-06 0)
(0.999843 -6.51301e-06 0)
(0.999845 -4.69817e-06 0)
(0.999846 -2.9669e-06 0)
(0.999847 -2.25619e-06 0)
(0.999848 -1.27882e-06 0)
(0.999848 -1.09176e-06 0)
(0.999849 -4.8107e-07 0)
(0.999849 -5.60233e-07 0)
(0.99985 -1.42433e-07 0)
(0.99985 -3.68983e-07 0)
(0.99985 -5.77356e-08 0)
(0.999851 -3.63378e-07 0)
(0.999851 -1.01749e-07 0)
(0.999851 -4.3178e-07 0)
(0.999851 -1.72906e-07 0)
(0.999851 -4.80608e-07 0)
(0.999851 -1.89246e-07 0)
(0.999851 -4.48303e-07 0)
(0.999851 -1.10132e-07 0)
(0.999851 -2.61923e-07 0)
(0.999851 -1.93411e-08 0)
(0.991856 -0.0123917 0)
(0.994336 -0.00818376 0)
(0.996076 -0.00544176 0)
(0.99728 -0.00363766 0)
(0.998105 -0.00244075 0)
(0.998668 -0.00164216 0)
(0.99905 -0.00110692 0)
(0.999309 -0.000747053 0)
(0.999485 -0.000504784 0)
(0.999604 -0.000341178 0)
(0.999684 -0.000230943 0)
(0.999738 -0.0001562 0)
(0.999774 -0.000105973 0)
(0.999799 -7.16956e-05 0)
(0.999815 -4.88426e-05 0)
(0.999826 -3.30312e-05 0)
(0.999833 -2.26748e-05 0)
(0.999838 -1.529e-05 0)
(0.999842 -1.06344e-05 0)
(0.999844 -7.09317e-06 0)
(0.999845 -5.039e-06 0)
(0.999846 -3.25632e-06 0)
(0.999847 -2.39872e-06 0)
(0.999848 -1.43313e-06 0)
(0.999848 -1.14219e-06 0)
(0.999849 -5.73272e-07 0)
(0.999849 -5.69234e-07 0)
(0.99985 -2.08068e-07 0)
(0.99985 -3.61654e-07 0)
(0.99985 -1.14534e-07 0)
(0.999851 -3.52119e-07 0)
(0.999851 -1.57609e-07 0)
(0.999851 -4.21089e-07 0)
(0.999851 -2.29141e-07 0)
(0.999851 -4.70049e-07 0)
(0.999851 -2.44157e-07 0)
(0.999851 -4.34465e-07 0)
(0.999851 -1.57306e-07 0)
(0.999851 -2.49726e-07 0)
(0.999851 -3.31143e-08 0)
(0.993437 -0.0131276 0)
(0.995363 -0.00871107 0)
(0.99675 -0.00581122 0)
(0.997726 -0.00389309 0)
(0.998402 -0.00261591 0)
(0.998866 -0.00176175 0)
(0.999183 -0.00118826 0)
(0.999399 -0.000802358 0)
(0.999545 -0.000542247 0)
(0.999644 -0.000366636 0)
(0.999711 -0.000248128 0)
(0.999757 -0.000167911 0)
(0.999787 -0.000113835 0)
(0.999807 -7.70972e-05 0)
(0.999821 -5.24275e-05 0)
(0.99983 -3.55407e-05 0)
(0.999836 -2.42994e-05 0)
(0.99984 -1.6474e-05 0)
(0.999843 -1.13601e-05 0)
(0.999845 -7.6689e-06 0)
(0.999846 -5.35181e-06 0)
(0.999847 -3.5522e-06 0)
(0.999847 -2.52134e-06 0)
(0.999848 -1.60008e-06 0)
(0.999848 -1.17722e-06 0)
(0.999849 -6.81408e-07 0)
(0.999849 -5.64894e-07 0)
(0.99985 -2.90728e-07 0)
(0.99985 -3.4104e-07 0)
(0.99985 -1.87621e-07 0)
(0.999851 -3.2627e-07 0)
(0.999851 -2.27942e-07 0)
(0.999851 -3.93976e-07 0)
(0.999851 -2.97833e-07 0)
(0.999851 -4.41805e-07 0)
(0.999851 -3.1139e-07 0)
(0.999851 -4.04691e-07 0)
(0.999851 -2.13184e-07 0)
(0.999851 -2.32015e-07 0)
(0.999851 -4.72684e-08 0)
(0.99507 -0.0136687 0)
(0.996434 -0.00911384 0)
(0.997458 -0.00610019 0)
(0.998197 -0.00409594 0)
(0.998716 -0.00275643 0)
(0.999077 -0.0018583 0)
(0.999325 -0.00125425 0)
(0.999495 -0.00084733 0)
(0.99961 -0.000572805 0)
(0.999688 -0.000387399 0)
(0.999741 -0.000262191 0)
(0.999776 -0.000177468 0)
(0.9998 -0.00012029 0)
(0.999816 -8.14982e-05 0)
(0.999827 -5.53877e-05 0)
(0.999834 -3.75751e-05 0)
(0.999839 -2.56552e-05 0)
(0.999842 -1.74219e-05 0)
(0.999844 -1.19789e-05 0)
(0.999845 -8.11701e-06 0)
(0.999846 -5.63078e-06 0)
(0.999847 -3.76933e-06 0)
(0.999848 -2.64307e-06 0)
(0.999848 -1.71035e-06 0)
(0.999849 -1.22651e-06 0)
(0.999849 -7.43139e-07 0)
(0.999849 -5.82249e-07 0)
(0.99985 -3.32289e-07 0)
(0.99985 -3.46282e-07 0)
(0.99985 -2.22784e-07 0)
(0.999851 -3.28675e-07 0)
(0.999851 -2.62345e-07 0)
(0.999851 -3.96271e-07 0)
(0.999851 -3.31773e-07 0)
(0.999851 -4.42838e-07 0)
(0.999851 -3.42497e-07 0)
(0.999851 -4.01331e-07 0)
(0.999851 -2.39009e-07 0)
(0.999851 -2.24874e-07 0)
(0.999851 -5.59779e-08 0)
(0.996731 -0.0140148 0)
(0.997534 -0.00939006 0)
(0.99819 -0.00630642 0)
(0.998685 -0.00424426 0)
(0.999044 -0.00286076 0)
(0.999297 -0.00193072 0)
(0.999473 -0.00130407 0)
(0.999595 -0.000881434 0)
(0.999677 -0.000596047 0)
(0.999734 -0.000403222 0)
(0.999772 -0.000272924 0)
(0.999797 -0.000184767 0)
(0.999814 -0.000125224 0)
(0.999826 -8.48616e-05 0)
(0.999834 -5.76507e-05 0)
(0.999839 -3.9129e-05 0)
(0.999842 -2.66912e-05 0)
(0.999844 -1.81448e-05 0)
(0.999845 -1.24511e-05 0)
(0.999846 -8.45776e-06 0)
(0.999847 -5.84343e-06 0)
(0.999848 -3.93393e-06 0)
(0.999848 -2.73608e-06 0)
(0.999848 -1.79388e-06 0)
(0.999849 -1.26476e-06 0)
(0.999849 -7.90124e-07 0)
(0.999849 -5.96531e-07 0)
(0.99985 -3.64136e-07 0)
(0.99985 -3.51359e-07 0)
(0.99985 -2.49564e-07 0)
(0.999851 -3.31157e-07 0)
(0.999851 -2.87917e-07 0)
(0.999851 -3.97877e-07 0)
(0.999851 -3.56133e-07 0)
(0.999851 -4.42676e-07 0)
(0.999851 -3.64089e-07 0)
(0.999851 -3.97515e-07 0)
(0.999851 -2.56352e-07 0)
(0.999851 -2.19588e-07 0)
(0.999851 -6.0655e-08 0)
(0.998394 -0.0141689 0)
(0.998646 -0.00953973 0)
(0.998934 -0.00642887 0)
(0.999185 -0.00433689 0)
(0.99938 -0.00292793 0)
(0.999524 -0.00197822 0)
(0.999626 -0.00133716 0)
(0.999698 -0.000904267 0)
(0.999747 -0.000611692 0)
(0.999781 -0.000413911 0)
(0.999803 -0.000280192 0)
(0.999819 -0.000189717 0)
(0.999829 -0.000128573 0)
(0.999836 -8.71456e-05 0)
(0.99984 -5.91876e-05 0)
(0.999843 -4.01837e-05 0)
(0.999845 -2.73938e-05 0)
(0.999846 -1.86342e-05 0)
(0.999847 -1.27703e-05 0)
(0.999847 -8.6875e-06 0)
(0.999848 -5.98661e-06 0)
(0.999848 -4.04449e-06 0)
(0.999848 -2.79866e-06 0)
(0.999849 -1.85014e-06 0)
(0.999849 -1.29092e-06 0)
(0.999849 -8.22262e-07 0)
(0.99985 -6.06953e-07 0)
(0.99985 -3.86341e-07 0)
(0.99985 -3.55587e-07 0)
(0.99985 -2.68106e-07 0)
(0.999851 -3.33081e-07 0)
(0.999851 -3.04855e-07 0)
(0.999851 -3.98207e-07 0)
(0.999851 -3.71169e-07 0)
(0.999851 -4.40792e-07 0)
(0.999851 -3.76482e-07 0)
(0.999851 -3.92807e-07 0)
(0.999851 -2.65597e-07 0)
(0.999851 -2.15428e-07 0)
(0.999851 -6.22408e-08 0)
(1.00004 -0.014137 0)
(0.999754 -0.0095647 0)
(0.999682 -0.00646775 0)
(0.999689 -0.00437346 0)
(0.99972 -0.00295744 0)
(0.999754 -0.00200039 0)
(0.999782 -0.00135318 0)
(0.999803 -0.000915574 0)
(0.999818 -0.000619559 0)
(0.999829 -0.000419338 0)
(0.999836 -0.000283906 0)
(0.999841 -0.000192257 0)
(0.999844 -0.000130296 0)
(0.999846 -8.8322e-05 0)
(0.999847 -5.99789e-05 0)
(0.999848 -4.07263e-05 0)
(0.999848 -2.77539e-05 0)
(0.999848 -1.88845e-05 0)
(0.999848 -1.29322e-05 0)
(0.999848 -8.80381e-06 0)
(0.999848 -6.05815e-06 0)
(0.999848 -4.10007e-06 0)
(0.999849 -2.82961e-06 0)
(0.999849 -1.87881e-06 0)
(0.999849 -1.30417e-06 0)
(0.999849 -8.39487e-07 0)
(0.99985 -6.12856e-07 0)
(0.99985 -3.98939e-07 0)
(0.99985 -3.58373e-07 0)
(0.99985 -2.785e-07 0)
(0.999851 -3.33902e-07 0)
(0.999851 -3.1331e-07 0)
(0.999851 -3.96783e-07 0)
(0.999851 -3.77111e-07 0)
(0.999851 -4.36796e-07 0)
(0.999851 -3.79963e-07 0)
(0.999851 -3.86837e-07 0)
(0.999851 -2.67274e-07 0)
(0.999851 -2.11707e-07 0)
(0.999851 -6.14045e-08 0)
(1.00164 -0.0139274 0)
(1.00085 -0.00946847 0)
(1.00042 -0.00642437 0)
(1.00019 -0.00435434 0)
(1.00006 -0.0029493 0)
(0.999984 -0.0019971 0)
(0.999937 -0.00135199 0)
(0.999908 -0.00091525 0)
(0.999889 -0.000619563 0)
(0.999877 -0.000419442 0)
(0.999869 -0.000284023 0)
(0.999863 -0.000192357 0)
(0.999859 -0.000130372 0)
(0.999856 -8.83767e-05 0)
(0.999854 -6.00144e-05 0)
(0.999852 -4.07505e-05 0)
(0.999851 -2.77667e-05 0)
(0.99985 -1.8893e-05 0)
(0.99985 -1.29345e-05 0)
(0.999849 -8.80575e-06 0)
(0.999849 -6.05678e-06 0)
(0.999849 -4.10043e-06 0)
(0.999849 -2.82811e-06 0)
(0.999849 -1.87995e-06 0)
(0.999849 -1.30388e-06 0)
(0.999849 -8.4196e-07 0)
(0.99985 -6.13673e-07 0)
(0.99985 -4.02138e-07 0)
(0.99985 -3.59185e-07 0)
(0.99985 -2.80994e-07 0)
(0.999851 -3.33135e-07 0)
(0.999851 -3.13594e-07 0)
(0.999851 -3.9319e-07 0)
(0.999851 -3.74346e-07 0)
(0.999851 -4.30353e-07 0)
(0.999851 -3.74967e-07 0)
(0.999851 -3.7928e-07 0)
(0.999851 -2.61947e-07 0)
(0.999851 -2.07914e-07 0)
(0.999851 -5.85634e-08 0)
(1.00318 -0.0135508 0)
(1.00191 -0.009256 0)
(1.00115 -0.00630106 0)
(1.00069 -0.00428062 0)
(1.0004 -0.00290402 0)
(1.00021 -0.0019686 0)
(1.00009 -0.00133371 0)
(1.00001 -0.000903338 0)
(0.99996 -0.000611723 0)
(0.999925 -0.00041423 0)
(0.999901 -0.000280545 0)
(0.999885 -0.000190018 0)
(0.999874 -0.000128799 0)
(0.999866 -8.731e-05 0)
(0.999861 -5.92934e-05 0)
(0.999857 -4.02567e-05 0)
(0.999854 -2.74318e-05 0)
(0.999853 -1.86601e-05 0)
(0.999851 -1.27768e-05 0)
(0.99985 -8.69386e-06 0)
(0.99985 -5.98214e-06 0)
(0.999849 -4.0461e-06 0)
(0.999849 -2.79374e-06 0)
(0.999849 -1.85402e-06 0)
(0.999849 -1.28956e-06 0)
(0.999849 -8.30075e-07 0)
(0.99985 -6.08864e-07 0)
(0.99985 -3.96312e-07 0)
(0.99985 -3.57481e-07 0)
(0.99985 -2.75989e-07 0)
(0.999851 -3.30289e-07 0)
(0.999851 -3.06181e-07 0)
(0.999851 -3.87029e-07 0)
(0.999851 -3.63444e-07 0)
(0.999851 -4.21161e-07 0)
(0.999851 -3.62127e-07 0)
(0.999851 -3.69854e-07 0)
(0.999851 -2.50316e-07 0)
(0.999851 -2.03643e-07 0)
(0.999851 -5.40705e-08 0)
(1.00464 -0.0130188 0)
(1.00293 -0.00893344 0)
(1.00185 -0.00610105 0)
(1.00117 -0.00415403 0)
(1.00072 -0.00282254 0)
(1.00043 -0.0019154 0)
(1.00024 -0.00129865 0)
(1.00012 -0.000880025 0)
(1.00003 -0.000596155 0)
(0.999972 -0.000403776 0)
(0.999933 -0.000273518 0)
(0.999906 -0.000185271 0)
(0.999888 -0.000125598 0)
(0.999876 -8.51358e-05 0)
(0.999867 -5.78251e-05 0)
(0.999862 -3.92515e-05 0)
(0.999857 -2.67532e-05 0)
(0.999855 -1.81894e-05 0)
(0.999853 -1.24608e-05 0)
(0.999851 -8.4699e-06 0)
(0.99985 -5.8349e-06 0)
(0.99985 -3.93807e-06 0)
(0.99985 -2.72664e-06 0)
(0.999849 -1.80163e-06 0)
(0.999849 -1.26107e-06 0)
(0.99985 -8.04261e-07 0)
(0.99985 -5.98165e-07 0)
(0.99985 -3.81807e-07 0)
(0.99985 -3.52963e-07 0)
(0.99985 -2.63838e-07 0)
(0.999851 -3.251e-07 0)
(0.999851 -2.91486e-07 0)
(0.999851 -3.78115e-07 0)
(0.999851 -3.44897e-07 0)
(0.999851 -4.0911e-07 0)
(0.999851 -3.41982e-07 0)
(0.999851 -3.58449e-07 0)
(0.999851 -2.32922e-07 0)
(0.999851 -1.98683e-07 0)
(0.999851 -4.81103e-08 0)
(1.00602 -0.0123445 0)
(1.00389 -0.00850792 0)
(1.00252 -0.00582835 0)
(1.00163 -0.00397689 0)
(1.00104 -0.00270623 0)
(1.00065 -0.00183836 0)
(1.00039 -0.00124732 0)
(1.00021 -0.000845645 0)
(1.0001 -0.000573073 0)
(1.00002 -0.000388222 0)
(0.999964 -0.000263036 0)
(0.999927 -0.000178179 0)
(0.999902 -0.00012081 0)
(0.999886 -8.18825e-05 0)
(0.999874 -5.56279e-05 0)
(0.999866 -3.77481e-05 0)
(0.99986 -2.57393e-05 0)
(0.999857 -1.74871e-05 0)
(0.999854 -1.19903e-05 0)
(0.999852 -8.13717e-06 0)
(0.999851 -5.61666e-06 0)
(0.99985 -3.77814e-06 0)
(0.99985 -2.62735e-06 0)
(0.99985 -1.72384e-06 0)
(0.99985 -1.21843e-06 0)
(0.99985 -7.65215e-07 0)
(0.99985 -5.81349e-07 0)
(0.99985 -3.59181e-07 0)
(0.99985 -3.45338e-07 0)
(0.99985 -2.45095e-07 0)
(0.999851 -3.17322e-07 0)
(0.999851 -2.70138e-07 0)
(0.999851 -3.66301e-07 0)
(0.999851 -3.19433e-07 0)
(0.999851 -3.94144e-07 0)
(0.999851 -3.15312e-07 0)
(0.999851 -3.45004e-07 0)
(0.999851 -2.10484e-07 0)
(0.999852 -1.92878e-07 0)
(0.999851 -4.09033e-08 0)
(1.00729 -0.0115412 0)
(1.00479 -0.00798731 0)
(1.00315 -0.00548766 0)
(1.00206 -0.00375203 0)
(1.00134 -0.00255686 0)
(1.00085 -0.00173857 0)
(1.00053 -0.00118044 0)
(1.00031 -0.000800661 0)
(1.00016 -0.000542782 0)
(1.00006 -0.000367769 0)
(0.999993 -0.000249233 0)
(0.999947 -0.000168832 0)
(0.999916 -0.000114497 0)
(0.999895 -7.75917e-05 0)
(0.99988 -5.27296e-05 0)
(0.99987 -3.57658e-05 0)
(0.999863 -2.44027e-05 0)
(0.999859 -1.65623e-05 0)
(0.999855 -1.13711e-05 0)
(0.999853 -7.70001e-06 0)
(0.999852 -5.33004e-06 0)
(0.999851 -3.56849e-06 0)
(0.99985 -2.49699e-06 0)
(0.99985 -1.62179e-06 0)
(0.99985 -1.16206e-06 0)
(0.99985 -7.13587e-07 0)
(0.99985 -5.58511e-07 0)
(0.99985 -3.2888e-07 0)
(0.99985 -3.34598e-07 0)
(0.99985 -2.20177e-07 0)
(0.999851 -3.06959e-07 0)
(0.999851 -2.42603e-07 0)
(0.999851 -3.51665e-07 0)
(0.999851 -2.87586e-07 0)
(0.999851 -3.76399e-07 0)
(0.999851 -2.82685e-07 0)
(0.999851 -3.29635e-07 0)
(0.999851 -1.83471e-07 0)
(0.999852 -1.86207e-07 0)
(0.999851 -3.2531e-08 0)
(1.00846 -0.0106228 0)
(1.00563 -0.00738006 0)
(1.00374 -0.00508424 0)
(1.00247 -0.00348278 0)
(1.00162 -0.00237655 0)
(1.00104 -0.00161743 0)
(1.00066 -0.0010989 0)
(1.0004 -0.00074567 0)
(1.00022 -0.000505678 0)
(1.0001 -0.000342684 0)
(1.00002 -0.000232287 0)
(0.999966 -0.000157351 0)
(0.999929 -0.000106738 0)
(0.999903 -7.23182e-05 0)
(0.999886 -4.91668e-05 0)
(0.999874 -3.333e-05 0)
(0.999866 -2.27603e-05 0)
(0.99986 -1.5427e-05 0)
(0.999857 -1.06109e-05 0)
(0.999854 -7.1643e-06 0)
(0.999852 -4.97847e-06 0)
(0.999851 -3.31211e-06 0)
(0.99985 -2.33701e-06 0)
(0.99985 -1.4971e-06 0)
(0.99985 -1.09246e-06 0)
(0.99985 -6.50378e-07 0)
(0.99985 -5.2973e-07 0)
(0.99985 -2.9165e-07 0)
(0.99985 -3.20694e-07 0)
(0.99985 -1.89793e-07 0)
(0.999851 -2.93992e-07 0)
(0.999851 -2.09655e-07 0)
(0.999851 -3.34284e-07 0)
(0.999851 -2.50223e-07 0)
(0.999851 -3.56018e-07 0)
(0.999851 -2.44996e-07 0)
(0.999851 -3.12455e-07 0)
(0.999851 -1.52599e-07 0)
(0.999852 -1.78606e-07 0)
(0.999851 -2.31723e-08 0)
(1.00951 -0.00960274 0)
(1.00638 -0.00669497 0)
(1.00427 -0.00462377 0)
(1.00284 -0.00317285 0)
(1.00187 -0.00216773 0)
(1.00122 -0.00147653 0)
(1.00078 -0.00100379 0)
(1.00048 -0.000681385 0)
(1.00028 -0.00046224 0)
(1.00014 -0.000313287 0)
(1.00005 -0.000212414 0)
(0.999983 -0.000143881 0)
(0.99994 -9.76315e-05 0)
(0.999911 -6.61287e-05 0)
(0.999891 -4.49844e-05 0)
(0.999878 -3.04714e-05 0)
(0.999868 -2.08325e-05 0)
(0.999862 -1.40956e-05 0)
(0.999858 -9.71907e-06 0)
(0.999855 -6.53679e-06 0)
(0.999853 -4.56633e-06 0)
(0.999851 -3.01227e-06 0)
(0.999851 -2.14939e-06 0)
(0.99985 -1.35141e-06 0)
(0.99985 -1.01052e-06 0)
(0.99985 -5.76484e-07 0)
(0.99985 -4.95403e-07 0)
(0.99985 -2.48072e-07 0)
(0.99985 -3.03849e-07 0)
(0.99985 -1.54451e-07 0)
(0.999851 -2.78632e-07 0)
(0.999851 -1.71831e-07 0)
(0.999851 -3.14425e-07 0)
(0.999851 -2.07937e-07 0)
(0.999851 -3.33308e-07 0)
(0.999851 -2.02844e-07 0)
(0.999851 -2.93728e-07 0)
(0.999851 -1.18294e-07 0)
(0.999852 -1.70108e-07 0)
(0.999851 -1.28621e-08 0)
(1.01044 -0.00849457 0)
(1.00706 -0.00594112 0)
(1.00475 -0.00411235 0)
(1.00317 -0.00282631 0)
(1.0021 -0.00193312 0)
(1.00138 -0.0013177 0)
(1.00089 -0.000896318 0)
(1.00055 -0.000608632 0)
(1.00033 -0.000413022 0)
(1.00017 -0.000279955 0)
(1.00007 -0.000189868 0)
(0.999999 -0.000128595 0)
(0.999951 -8.72938e-05 0)
(0.999918 -5.9102e-05 0)
(0.999896 -4.02351e-05 0)
(0.999881 -2.72264e-05 0)
(0.999871 -1.86437e-05 0)
(0.999864 -1.25852e-05 0)
(0.999859 -8.70674e-06 0)
(0.999855 -5.82571e-06 0)
(0.999853 -4.09859e-06 0)
(0.999852 -2.67309e-06 0)
(0.999851 -1.93631e-06 0)
(0.99985 -1.18693e-06 0)
(0.99985 -9.17107e-07 0)
(0.99985 -4.93235e-07 0)
(0.99985 -4.5583e-07 0)
(0.99985 -1.99111e-07 0)
(0.99985 -2.84171e-07 0)
(0.999851 -1.15046e-07 0)
(0.999851 -2.60993e-07 0)
(0.999851 -1.30073e-07 0)
(0.999851 -2.92286e-07 0)
(0.999851 -1.61747e-07 0)
(0.999851 -3.08506e-07 0)
(0.999851 -1.57245e-07 0)
(0.999851 -2.73624e-07 0)
(0.999851 -8.13171e-08 0)
(0.999852 -1.60599e-07 0)
(0.999851 -1.76766e-09 0)
(1.01124 -0.00731129 0)
(1.00764 -0.0051277 0)
(1.00516 -0.00355632 0)
(1.00346 -0.00244751 0)
(1.00231 -0.00167568 0)
(1.00152 -0.00114295 0)
(1.00098 -0.000777851 0)
(1.00062 -0.000528331 0)
(1.00037 -0.000358648 0)
(1.0002 -0.000243108 0)
(1.00009 -0.000164933 0)
(1.00001 -0.000111685 0)
(0.99996 -7.58549e-05 0)
(0.999925 -5.13269e-05 0)
(0.9999 -3.49788e-05 0)
(0.999884 -2.3636e-05 0)
(0.999873 -1.62211e-05 0)
(0.999865 -1.09146e-05 0)
(0.99986 -7.58652e-06 0)
(0.999856 -5.03996e-06 0)
(0.999854 -3.5811e-06 0)
(0.999852 -2.29886e-06 0)
(0.999851 -1.70048e-06 0)
(0.99985 -1.00578e-06 0)
(0.99985 -8.13465e-07 0)
(0.99985 -4.01787e-07 0)
(0.99985 -4.11598e-07 0)
(0.99985 -1.45504e-07 0)
(0.99985 -2.62004e-07 0)
(0.999851 -7.22022e-08 0)
(0.999851 -2.41385e-07 0)
(0.999851 -8.50085e-08 0)
(0.999851 -2.68209e-07 0)
(0.999851 -1.12321e-07 0)
(0.999851 -2.81972e-07 0)
(0.999851 -1.08843e-07 0)
(0.999851 -2.52438e-07 0)
(0.999851 -4.20931e-08 0)
(0.999852 -1.50045e-07 0)
(0.999852 1.01161e-08 0)
(1.01191 -0.00606548 0)
(1.00813 -0.00426396 0)
(1.00551 -0.00296228 0)
(1.00371 -0.00204105 0)
(1.00248 -0.00139859 0)
(1.00164 -0.000954458 0)
(1.00106 -0.000649875 0)
(1.00067 -0.000441496 0)
(1.00041 -0.000299805 0)
(1.00023 -0.000203215 0)
(1.00011 -0.000137925 0)
(1.00002 -9.33655e-05 0)
(0.999968 -6.34595e-05 0)
(0.99993 -4.2902e-05 0)
(0.999904 -2.92817e-05 0)
(0.999886 -1.97457e-05 0)
(0.999874 -1.35951e-05 0)
(0.999866 -9.10536e-06 0)
(0.99986 -6.37223e-06 0)
(0.999857 -4.18979e-06 0)
(0.999854 -3.0201e-06 0)
(0.999852 -1.8947e-06 0)
(0.999851 -1.44461e-06 0)
(0.999851 -8.1069e-07 0)
(0.99985 -7.00698e-07 0)
(0.99985 -3.03777e-07 0)
(0.99985 -3.63108e-07 0)
(0.99985 -8.84339e-08 0)
(0.99985 -2.37487e-07 0)
(0.999851 -2.69867e-08 0)
(0.999851 -2.19933e-07 0)
(0.999851 -3.77315e-08 0)
(0.999851 -2.42377e-07 0)
(0.999851 -6.08118e-08 0)
(0.999851 -2.53911e-07 0)
(0.999851 -5.8759e-08 0)
(0.999851 -2.30279e-07 0)
(0.999851 -1.44343e-09 0)
(0.999852 -1.38178e-07 0)
(0.999852 2.26556e-08 0)
(1.01245 -0.00476925 0)
(1.00853 -0.00335913 0)
(1.0058 -0.00233694 0)
(1.00391 -0.0016117 0)
(1.00262 -0.00110519 0)
(1.00173 -0.000754533 0)
(1.00113 -0.000513972 0)
(1.00072 -0.000349208 0)
(1.00044 -0.000237229 0)
(1.00025 -0.000160775 0)
(1.00012 -0.000109183 0)
(1.00003 -7.38681e-05 0)
(0.999975 -5.02637e-05 0)
(0.999934 -3.39336e-05 0)
(0.999907 -2.32154e-05 0)
(0.999888 -1.56046e-05 0)
(0.999876 -1.07986e-05 0)
(0.999867 -7.18017e-06 0)
(0.999861 -5.07903e-06 0)
(0.999857 -3.2859e-06 0)
(0.999854 -2.42255e-06 0)
(0.999853 -1.46571e-06 0)
(0.999851 -1.17192e-06 0)
(0.999851 -6.04188e-07 0)
(0.99985 -5.80231e-07 0)
(0.99985 -2.00552e-07 0)
(0.99985 -3.11014e-07 0)
(0.99985 -2.87404e-08 0)
(0.99985 -2.1095e-07 0)
(0.999851 1.99327e-08 0)
(0.999851 -1.96913e-07 0)
(0.999851 1.10994e-08 0)
(0.999851 -2.15064e-07 0)
(0.999851 -7.88729e-09 0)
(0.999851 -2.24606e-07 0)
(0.999851 -7.63386e-09 0)
(0.999851 -2.07355e-07 0)
(0.999851 4.02248e-08 0)
(0.999852 -1.24801e-07 0)
(0.999852 3.59589e-08 0)
(1.01285 -0.0034343 0)
(1.00883 -0.00242241 0)
(1.00602 -0.00168718 0)
(1.00406 -0.00116441 0)
(1.00272 -0.000798967 0)
(1.0018 -0.000545603 0)
(1.00118 -0.000371818 0)
(1.00075 -0.000252617 0)
(1.00046 -0.000171705 0)
(1.00027 -0.000116324 0)
(1.00013 -7.9071e-05 0)
(1.00004 -5.34395e-05 0)
(0.99998 -3.64341e-05 0)
(0.999938 -2.45357e-05 0)
(0.999909 -1.68565e-05 0)
(0.99989 -1.12656e-05 0)
(0.999877 -7.86677e-06 0)
(0.999868 -5.16383e-06 0)
(0.999862 -3.72298e-06 0)
(0.999857 -2.34017e-06 0)
(0.999855 -1.79566e-06 0)
(0.999853 -1.01777e-06 0)
(0.999851 -8.8553e-07 0)
(0.999851 -3.89374e-07 0)
(0.99985 -4.53273e-07 0)
(0.99985 -9.38918e-08 0)
(0.99985 -2.55691e-07 0)
(0.99985 3.23235e-08 0)
(0.99985 -1.82416e-07 0)
(0.999851 6.74933e-08 0)
(0.999851 -1.72322e-07 0)
(0.999851 6.03934e-08 0)
(0.999851 -1.86277e-07 0)
(0.999851 4.53526e-08 0)
(0.999851 -1.94088e-07 0)
(0.999851 4.34567e-08 0)
(0.999851 -1.83592e-07 0)
(0.999851 8.21332e-08 0)
(0.999852 -1.09409e-07 0)
(0.999852 5.0062e-08 0)
(1.01312 -0.00207191 0)
(1.00903 -0.00146297 0)
(1.00616 -0.0010199 0)
(1.00417 -0.00070422 0)
(1.00279 -0.000483495 0)
(1.00185 -0.000330175 0)
(1.00121 -0.000225146 0)
(1.00078 -0.000152915 0)
(1.00048 -0.000104046 0)
(1.00028 -7.04173e-05 0)
(1.00014 -4.79659e-05 0)
(1.00005 -3.23369e-05 0)
(0.999983 -2.21455e-05 0)
(0.99994 -1.48271e-05 0)
(0.999911 -1.02855e-05 0)
(0.999891 -6.78372e-06 0)
(0.999877 -4.83661e-06 0)
(0.999868 -3.08192e-06 0)
(0.999862 -2.3212e-06 0)
(0.999858 -1.36458e-06 0)
(0.999855 -1.14731e-06 0)
(0.999853 -5.56557e-07 0)
(0.999852 -5.89002e-07 0)
(0.999851 -1.68962e-07 0)
(0.99985 -3.21346e-07 0)
(0.99985 1.48541e-08 0)
(0.99985 -1.9774e-07 0)
(0.99985 9.40182e-08 0)
(0.99985 -1.52112e-07 0)
(0.999851 1.1516e-07 0)
(0.999851 -1.46283e-07 0)
(0.999851 1.09658e-07 0)
(0.999851 -1.56136e-07 0)
(0.999851 9.84052e-08 0)
(0.999851 -1.62462e-07 0)
(0.999851 9.40468e-08 0)
(0.999851 -1.59073e-07 0)
(0.999851 1.23945e-07 0)
(0.999852 -9.1679e-08 0)
(0.999852 6.53482e-08 0)
(1.01326 -0.00069263 0)
(1.00913 -0.000489356 0)
(1.00623 -0.000341378 0)
(1.00422 -0.00023577 0)
(1.00283 -0.000161952 0)
(1.00188 -0.000110578 0)
(1.00123 -7.54519e-05 0)
(1.00079 -5.12193e-05 0)
(1.00049 -3.48943e-05 0)
(1.00028 -2.35856e-05 0)
(1.00014 -1.6107e-05 0)
(1.00005 -1.08249e-05 0)
(0.999985 -7.45456e-06 0)
(0.999941 -4.95505e-06 0)
(0.999912 -3.47879e-06 0)
(0.999891 -2.25691e-06 0)
(0.999878 -1.65102e-06 0)
(0.999868 -1.01379e-06 0)
(0.999862 -8.05696e-07 0)
(0.999858 -4.35294e-07 0)
(0.999855 -4.09549e-07 0)
(0.999853 -1.61542e-07 0)
(0.999852 -2.19485e-07 0)
(0.999851 -2.87071e-08 0)
(0.99985 -1.27324e-07 0)
(0.99985 3.49336e-08 0)
(0.99985 -8.42457e-08 0)
(0.99985 6.26102e-08 0)
(0.99985 -6.84332e-08 0)
(0.999851 6.96145e-08 0)
(0.999851 -6.66228e-08 0)
(0.999851 6.72442e-08 0)
(0.999851 -7.05403e-08 0)
(0.999851 6.25402e-08 0)
(0.999851 -7.33585e-08 0)
(0.999851 5.97132e-08 0)
(0.999851 -7.34809e-08 0)
(0.999851 7.25242e-08 0)
(0.999852 -4.12316e-08 0)
(0.999852 3.67466e-08 0)
)
;

boundaryField
{
    down
    {
        type            symmetryPlane;
    }
    right
    {
        type            zeroGradient;
    }
    up
    {
        type            symmetryPlane;
    }
    left
    {
        type            uniformFixedValue;
        uniformValue    constant (1 0 0);
        value           uniform (1 0 0);
    }
    cylinder
    {
        type            symmetry;
    }
    defaultFaces
    {
        type            empty;
    }
}


// ************************************************************************* //
