/*--------------------------------*- C++ -*----------------------------------*\
| =========                 |                                                 |
| \\      /  F ield         | OpenFOAM: The Open Source CFD Toolbox           |
|  \\    /   O peration     | Version:  2312                                  |
|   \\  /    A nd           | Website:  www.openfoam.com                      |
|    \\/     M anipulation  |                                                 |
\*---------------------------------------------------------------------------*/
FoamFile
{
    version     2.0;
    format      ascii;
    arch        "LSB;label=32;scalar=64";
    class       volVectorField;
    location    "0";
    object      UA;
}
// * * * * * * * * * * * * * * * * * * * * * * * * * * * * * * * * * * * * * //

dimensions      [0 1 -1 0 0 0 0];

internalField   nonuniform List<vector> 
3200
(
(1.07106 -0.902868 0)
(1.05925 -0.752863 0)
(1.05016 -0.637346 0)
(1.04301 -0.546505 0)
(1.03729 -0.473782 0)
(1.03263 -0.414661 0)
(1.0288 -0.365952 0)
(1.02561 -0.325346 0)
(1.02291 -0.291141 0)
(1.02062 -0.262059 0)
(1.21142 -0.880636 0)
(1.1763 -0.734325 0)
(1.14925 -0.621653 0)
(1.12797 -0.533048 0)
(1.11094 -0.462116 0)
(1.0971 -0.404451 0)
(1.08569 -0.356941 0)
(1.07619 -0.317335 0)
(1.06818 -0.283972 0)
(1.06137 -0.255606 0)
(1.34658 -0.83672 0)
(1.289 -0.697705 0)
(1.24466 -0.590652 0)
(1.20979 -0.506466 0)
(1.18187 -0.439071 0)
(1.15917 -0.384282 0)
(1.14048 -0.339141 0)
(1.12489 -0.30151 0)
(1.11176 -0.269811 0)
(1.1006 -0.242859 0)
(1.47321 -0.772201 0)
(1.39459 -0.643906 0)
(1.33404 -0.545107 0)
(1.28643 -0.467413 0)
(1.24832 -0.405214 0)
(1.21733 -0.35465 0)
(1.1918 -0.31299 0)
(1.17052 -0.278261 0)
(1.15259 -0.249006 0)
(1.13735 -0.224133 0)
(1.58818 -0.688668 0)
(1.49046 -0.574251 0)
(1.4152 -0.48614 0)
(1.35602 -0.41685 0)
(1.30865 -0.36138 0)
(1.27013 -0.316286 0)
(1.2384 -0.279133 0)
(1.21195 -0.24816 0)
(1.18967 -0.22207 0)
(1.17072 -0.199887 0)
(1.68867 -0.588178 0)
(1.57425 -0.490457 0)
(1.48614 -0.415203 0)
(1.41685 -0.356024 0)
(1.36138 -0.308648 0)
(1.31629 -0.270134 0)
(1.27913 -0.238402 0)
(1.24816 -0.211949 0)
(1.22207 -0.189666 0)
(1.19989 -0.17072 0)
(1.7722 -0.473205 0)
(1.64391 -0.394586 0)
(1.54511 -0.334042 0)
(1.46741 -0.286431 0)
(1.40521 -0.248316 0)
(1.35465 -0.21733 0)
(1.31299 -0.191801 0)
(1.27826 -0.170519 0)
(1.24901 -0.152591 0)
(1.22413 -0.137349 0)
(1.83672 -0.34658 0)
(1.6977 -0.288999 0)
(1.59065 -0.244656 0)
(1.50647 -0.209785 0)
(1.43907 -0.181869 0)
(1.38428 -0.159175 0)
(1.33914 -0.140477 0)
(1.30151 -0.12489 0)
(1.26981 -0.111759 0)
(1.24286 -0.100596 0)
(1.88063 -0.211422 0)
(1.73432 -0.176296 0)
(1.62165 -0.149245 0)
(1.53305 -0.127973 0)
(1.46212 -0.110944 0)
(1.40445 -0.0971001 0)
(1.35694 -0.085694 0)
(1.31734 -0.0761854 0)
(1.28397 -0.0681757 0)
(1.25561 -0.0613656 0)
(1.90287 -0.0710571 0)
(1.75286 -0.0592515 0)
(1.63735 -0.0501602 0)
(1.5465 -0.0430108 0)
(1.47378 -0.0372874 0)
(1.41466 -0.0326346 0)
(1.36595 -0.0288011 0)
(1.32535 -0.0256053 0)
(1.29114 -0.0229133 0)
(1.26206 -0.0206245 0)
(0.0971338 -0.0710571 0)
(0.247138 -0.0592515 0)
(0.362654 -0.0501602 0)
(0.453496 -0.0430108 0)
(0.526219 -0.0372874 0)
(0.585339 -0.0326346 0)
(0.634048 -0.0288011 0)
(0.674654 -0.0256053 0)
(0.708859 -0.0229133 0)
(0.737941 -0.0206245 0)
(0.119365 -0.211422 0)
(0.265676 -0.176296 0)
(0.378348 -0.149245 0)
(0.466952 -0.127973 0)
(0.537885 -0.110944 0)
(0.595549 -0.0971001 0)
(0.643059 -0.085694 0)
(0.682665 -0.0761854 0)
(0.716028 -0.0681757 0)
(0.744394 -0.0613656 0)
(0.163281 -0.34658 0)
(0.302295 -0.288999 0)
(0.409348 -0.244656 0)
(0.493534 -0.209785 0)
(0.560929 -0.181869 0)
(0.615718 -0.159175 0)
(0.660859 -0.140477 0)
(0.69849 -0.12489 0)
(0.730189 -0.111759 0)
(0.757141 -0.100596 0)
(0.227799 -0.473205 0)
(0.356094 -0.394586 0)
(0.454893 -0.334042 0)
(0.532587 -0.286431 0)
(0.594786 -0.248316 0)
(0.64535 -0.21733 0)
(0.68701 -0.191801 0)
(0.721739 -0.170519 0)
(0.750994 -0.152591 0)
(0.775867 -0.137349 0)
(0.311332 -0.588178 0)
(0.425749 -0.490457 0)
(0.51386 -0.415203 0)
(0.58315 -0.356024 0)
(0.63862 -0.308648 0)
(0.683714 -0.270134 0)
(0.720867 -0.238402 0)
(0.75184 -0.211949 0)
(0.77793 -0.189666 0)
(0.800113 -0.17072 0)
(0.411821 -0.688668 0)
(0.509543 -0.574251 0)
(0.584797 -0.48614 0)
(0.643976 -0.41685 0)
(0.691352 -0.36138 0)
(0.729866 -0.316286 0)
(0.761598 -0.279133 0)
(0.788051 -0.24816 0)
(0.810334 -0.22207 0)
(0.82928 -0.199887 0)
(0.526794 -0.772201 0)
(0.605414 -0.643906 0)
(0.665958 -0.545107 0)
(0.713569 -0.467413 0)
(0.751684 -0.405214 0)
(0.78267 -0.35465 0)
(0.808199 -0.31299 0)
(0.829481 -0.278261 0)
(0.847409 -0.249006 0)
(0.862651 -0.224133 0)
(0.653419 -0.83672 0)
(0.711001 -0.697705 0)
(0.755344 -0.590652 0)
(0.790215 -0.506466 0)
(0.818131 -0.439071 0)
(0.840825 -0.384282 0)
(0.859523 -0.339141 0)
(0.87511 -0.30151 0)
(0.888241 -0.269811 0)
(0.899404 -0.242859 0)
(0.788578 -0.880636 0)
(0.823704 -0.734325 0)
(0.850754 -0.621653 0)
(0.872026 -0.533048 0)
(0.889056 -0.462116 0)
(0.9029 -0.404451 0)
(0.914306 -0.356941 0)
(0.923815 -0.317335 0)
(0.931824 -0.283972 0)
(0.938634 -0.255606 0)
(0.928943 -0.902868 0)
(0.940748 -0.752863 0)
(0.94984 -0.637346 0)
(0.956989 -0.546505 0)
(0.962713 -0.473782 0)
(0.967365 -0.414661 0)
(0.971199 -0.365952 0)
(0.974395 -0.325346 0)
(0.977087 -0.291141 0)
(0.979376 -0.262059 0)
(0.768411 -0.0175266 0)
(0.798532 -0.0141436 0)
(0.823143 -0.0115702 0)
(0.84351 -0.00957896 0)
(0.860555 -0.00801474 0)
(0.874961 -0.00676945 0)
(0.887246 -0.00576615 0)
(0.897807 -0.00494909 0)
(0.906952 -0.00427721 0)
(0.914923 -0.00371982 0)
(0.921912 -0.00325369 0)
(0.928075 -0.00286098 0)
(0.933536 -0.0025279 0)
(0.938398 -0.00224361 0)
(0.942746 -0.00199956 0)
(0.946649 -0.00178894 0)
(0.950166 -0.00160625 0)
(0.953347 -0.00144705 0)
(0.956233 -0.00130772 0)
(0.958859 -0.00118528 0)
(0.773644 -0.0521896 0)
(0.802397 -0.0421692 0)
(0.826061 -0.0345285 0)
(0.845755 -0.0286054 0)
(0.862313 -0.023946 0)
(0.876362 -0.0202326 0)
(0.88838 -0.0172383 0)
(0.898737 -0.0147983 0)
(0.907726 -0.0127909 0)
(0.915575 -0.0111249 0)
(0.922468 -0.00973132 0)
(0.928553 -0.008557 0)
(0.933952 -0.00756079 0)
(0.938764 -0.00671045 0)
(0.94307 -0.00598042 0)
(0.946939 -0.00535035 0)
(0.950428 -0.00480383 0)
(0.953585 -0.00432759 0)
(0.95645 -0.00391079 0)
(0.959058 -0.00354452 0)
(0.783994 -0.0856902 0)
(0.810057 -0.069415 0)
(0.831848 -0.0569437 0)
(0.850212 -0.0472397 0)
(0.865806 -0.0395844 0)
(0.879144 -0.03347 0)
(0.89063 -0.0285315 0)
(0.900584 -0.0245019 0)
(0.909262 -0.0211834 0)
(0.916868 -0.0184273 0)
(0.92357 -0.0161204 0)
(0.929503 -0.0141758 0)
(0.934779 -0.0125256 0)
(0.939491 -0.0111167 0)
(0.943715 -0.00990694 0)
(0.947516 -0.00886276 0)
(0.950947 -0.00795703 0)
(0.954056 -0.00716776 0)
(0.95688 -0.00647702 0)
(0.959454 -0.00587006 0)
(0.799233 -0.117283 0)
(0.82137 -0.0953783 0)
(0.840412 -0.0784653 0)
(0.856814 -0.0652292 0)
(0.870983 -0.0547415 0)
(0.88327 -0.0463367 0)
(0.893968 -0.0395307 0)
(0.903322 -0.0339663 0)
(0.911538 -0.029377 0)
(0.918785 -0.0255611 0)
(0.925203 -0.0223644 0)
(0.93091 -0.0196679 0)
(0.936004 -0.0173786 0)
(0.940567 -0.0154234 0)
(0.944669 -0.0137443 0)
(0.948369 -0.0122948 0)
(0.951716 -0.0110374 0)
(0.954753 -0.00994171 0)
(0.957517 -0.00898283 0)
(0.960039 -0.00814032 0)
(0.819024 -0.146263 0)
(0.83613 -0.119581 0)
(0.851617 -0.0987596 0)
(0.865466 -0.0823332 0)
(0.877774 -0.0692383 0)
(0.888682 -0.0586952 0)
(0.898345 -0.0501274 0)
(0.906913 -0.0431037 0)
(0.914523 -0.0372987 0)
(0.921297 -0.0324644 0)
(0.927343 -0.0284099 0)
(0.932753 -0.0249868 0)
(0.937607 -0.0220788 0)
(0.941976 -0.0195942 0)
(0.945918 -0.0174598 0)
(0.949486 -0.015617 0)
(0.952722 -0.0140183 0)
(0.955666 -0.0126251 0)
(0.95835 -0.011406 0)
(0.960804 -0.010335 0)
(0.84293 -0.171988 0)
(0.854067 -0.141581 0)
(0.865285 -0.117515 0)
(0.876044 -0.0983277 0)
(0.886085 -0.0829086 0)
(0.895309 -0.0704187 0)
(0.903705 -0.0602217 0)
(0.911308 -0.0518331 0)
(0.918174 -0.0448815 0)
(0.924369 -0.0390807 0)
(0.929957 -0.0342083 0)
(0.935003 -0.03009 0)
(0.939565 -0.0265888 0)
(0.943696 -0.0235957 0)
(0.947443 -0.0210235 0)
(0.950848 -0.0188023 0)
(0.95395 -0.0168751 0)
(0.95678 -0.0151958 0)
(0.959368 -0.0137264 0)
(0.961739 -0.0124356 0)
(0.870427 -0.193882 0)
(0.874858 -0.160976 0)
(0.881206 -0.134449 0)
(0.888399 -0.113009 0)
(0.895806 -0.0956021 0)
(0.903064 -0.0813929 0)
(0.909977 -0.0697243 0)
(0.916449 -0.0600826 0)
(0.922443 -0.052066 0)
(0.927957 -0.0453598 0)
(0.93301 -0.0397163 0)
(0.93763 -0.03494 0)
(0.941849 -0.0308753 0)
(0.945702 -0.0273982 0)
(0.94922 -0.0244089 0)
(0.952437 -0.0218267 0)
(0.955381 -0.0195863 0)
(0.958078 -0.0176339 0)
(0.960554 -0.0159259 0)
(0.962828 -0.0144257 0)
(0.900908 -0.211457 0)
(0.898132 -0.177413 0)
(0.899135 -0.14931 0)
(0.902362 -0.126196 0)
(0.906812 -0.107186 0)
(0.91185 -0.091518 0)
(0.917082 -0.0785578 0)
(0.92227 -0.0677904 0)
(0.927273 -0.0588013 0)
(0.932015 -0.0512587 0)
(0.93646 -0.0448972 0)
(0.940596 -0.0395044 0)
(0.944427 -0.0349099 0)
(0.947964 -0.0309765 0)
(0.951225 -0.0275931 0)
(0.954229 -0.0246698 0)
(0.956995 -0.0221331 0)
(0.959543 -0.0199227 0)
(0.961891 -0.017989 0)
(0.964057 -0.0162911 0)
(0.933708 -0.224319 0)
(0.923476 -0.190593 0)
(0.918805 -0.16188 0)
(0.917748 -0.137733 0)
(0.918966 -0.117548 0)
(0.921561 -0.10071 0)
(0.924936 -0.0866576 0)
(0.9287 -0.0749053 0)
(0.932604 -0.0650457 0)
(0.93649 -0.0567425 0)
(0.940261 -0.049721 0)
(0.943862 -0.0437572 0)
(0.947263 -0.0386695 0)
(0.950453 -0.0343098 0)
(0.95343 -0.0305577 0)
(0.956199 -0.0273148 0)
(0.958769 -0.0245004 0)
(0.961152 -0.0220482 0)
(0.963361 -0.0199033 0)
(0.965408 -0.0180204 0)
(0.968107 -0.232175 0)
(0.950446 -0.200276 0)
(0.939929 -0.171981 0)
(0.934359 -0.147491 0)
(0.932126 -0.126595 0)
(0.932086 -0.108901 0)
(0.933447 -0.0939732 0)
(0.935664 -0.0813879 0)
(0.938372 -0.0707672 0)
(0.941326 -0.0617845 0)
(0.944365 -0.0541646 0)
(0.947385 -0.0476783 0)
(0.950321 -0.0421362 0)
(0.953134 -0.0373822 0)
(0.955804 -0.0332882 0)
(0.95832 -0.0297487 0)
(0.96068 -0.0266765 0)
(0.962886 -0.0239998 0)
(0.964945 -0.021659 0)
(0.966863 -0.0196048 0)
(1 -0.220742 0)
(0.978019 -0.194748 0)
(0.963296 -0.170333 0)
(0.953949 -0.148289 0)
(0.948471 -0.128859 0)
(0.945712 -0.111983 0)
(0.944826 -0.0974512 0)
(0.945201 -0.084996 0)
(0.946403 -0.0743418 0)
(0.948124 -0.0652292 0)
(0.950153 -0.0574265 0)
(0.952343 -0.0507321 0)
(0.954594 -0.0449741 0)
(0.956839 -0.0400069 0)
(0.959035 -0.0357084 0)
(0.961154 -0.0319765 0)
(0.96318 -0.0287256 0)
(0.965103 -0.0258843 0)
(0.966922 -0.0233928 0)
(0.968634 -0.0212009 0)
(1.02198 -0.194748 0)
(1 -0.17622 0)
(0.984017 -0.157635 0)
(0.972796 -0.139985 0)
(0.965234 -0.12378 0)
(0.960415 -0.109222 0)
(0.957611 -0.096327 0)
(0.956263 -0.0850052 0)
(0.955951 -0.0751184 0)
(0.956361 -0.0665101 0)
(0.957263 -0.0590239 0)
(0.958488 -0.0525134 0)
(0.959917 -0.0468465 0)
(0.961461 -0.0419062 0)
(0.963059 -0.0375911 0)
(0.964667 -0.0338135 0)
(0.966256 -0.0304984 0)
(0.967805 -0.0275816 0)
(0.969301 -0.0250086 0)
(0.970736 -0.0227327 0)
(1.0367 -0.170333 0)
(1.01598 -0.157635 0)
(1 -0.143925 0)
(0.988018 -0.130184 0)
(0.979288 -0.117023 0)
(0.973129 -0.104783 0)
(0.968961 -0.0936215 0)
(0.966308 -0.0835768 0)
(0.964791 -0.0746169 0)
(0.964117 -0.0666705 0)
(0.964056 -0.059648 0)
(0.964437 -0.0534539 0)
(0.965128 -0.0479947 0)
(0.966032 -0.0431828 0)
(0.967074 -0.0389383 0)
(0.968201 -0.0351898 0)
(0.969372 -0.0318743 0)
(0.97056 -0.0289365 0)
(0.971742 -0.0263283 0)
(0.972904 -0.0240081 0)
(1.04605 -0.148289 0)
(1.0272 -0.139985 0)
(1.01198 -0.130184 0)
(1 -0.119758 0)
(0.990788 -0.109314 0)
(0.983872 -0.0992464 0)
(0.978813 -0.0897876 0)
(0.975229 -0.0810575 0)
(0.972801 -0.0730991 0)
(0.971267 -0.0659064 0)
(0.970416 -0.059444 0)
(0.970081 -0.0536604 0)
(0.970132 -0.048497 0)
(0.970467 -0.0438934 0)
(0.971007 -0.0397909 0)
(0.971692 -0.0361344 0)
(0.972475 -0.0328736 0)
(0.973321 -0.0299627 0)
(0.974204 -0.0273611 0)
(0.975103 -0.0250325 0)
(1.05153 -0.128859 0)
(1.03477 -0.12378 0)
(1.02071 -0.117023 0)
(1.00921 -0.109314 0)
(1 -0.101204 0)
(0.992767 -0.0930821 0)
(0.987199 -0.0852126 0)
(0.983005 -0.0777585 0)
(0.979926 -0.0708107 0)
(0.977741 -0.0644093 0)
(0.976264 -0.05856 0)
(0.975344 -0.0532467 0)
(0.974855 -0.0484399 0)
(0.9747 -0.0441035 0)
(0.974798 -0.0401982 0)
(0.975086 -0.0366843 0)
(0.975515 -0.0335238 0)
(0.976047 -0.0306806 0)
(0.97665 -0.0281215 0)
(0.9773 -0.0258164 0)
(1.05429 -0.111983 0)
(1.03959 -0.109222 0)
(1.02687 -0.104783 0)
(1.01613 -0.0992464 0)
(1.00723 -0.0930821 0)
(1 -0.0866495 0)
(0.994217 -0.0802102 0)
(0.989671 -0.0739448 0)
(0.986163 -0.0679705 0)
(0.983512 -0.0623567 0)
(0.981562 -0.0571381 0)
(0.980178 -0.0523251 0)
(0.979249 -0.047912 0)
(0.978682 -0.0438825 0)
(0.9784 -0.0402142 0)
(0.978341 -0.0368813 0)
(0.978455 -0.0338571 0)
(0.978702 -0.0311147 0)
(0.979049 -0.0286285 0)
(0.979469 -0.0263742 0)
(1.05517 -0.0974512 0)
(1.04239 -0.096327 0)
(1.03104 -0.0936215 0)
(1.02119 -0.0897876 0)
(1.0128 -0.0852126 0)
(1.00578 -0.0802102 0)
(1 -0.0750233 0)
(0.995304 -0.0698321 0)
(0.991547 -0.064764 0)
(0.988587 -0.0599048 0)
(0.986296 -0.0553077 0)
(0.984561 -0.051002 0)
(0.983284 -0.0469995 0)
(0.982381 -0.0432999 0)
(0.981781 -0.0398945 0)
(0.981425 -0.0367697 0)
(0.981264 -0.0339087 0)
(0.981258 -0.031293 0)
(0.981374 -0.028904 0)
(0.981585 -0.0267229 0)
(1.0548 -0.084996 0)
(1.04374 -0.0850052 0)
(1.03369 -0.0835768 0)
(1.02477 -0.0810575 0)
(1.017 -0.0777585 0)
(1.01033 -0.0739448 0)
(1.0047 -0.0698321 0)
(1 -0.0655892 0)
(0.996135 -0.0613434 0)
(0.992995 -0.0571868 0)
(0.990477 -0.0531832 0)
(0.98849 -0.0493738 0)
(0.986948 -0.0457829 0)
(0.985779 -0.0424221 0)
(0.98492 -0.0392938 0)
(0.984315 -0.0363942 0)
(0.98392 -0.0337148 0)
(0.983694 -0.0312447 0)
(0.983606 -0.0289715 0)
(0.983629 -0.0268817 0)
(1.0536 -0.0743418 0)
(1.04405 -0.0751184 0)
(1.03521 -0.0746169 0)
(1.0272 -0.0730991 0)
(1.02007 -0.0708107 0)
(1.01384 -0.0679705 0)
(1.00845 -0.064764 0)
(1.00386 -0.0613434 0)
(1 -0.0578288 0)
(0.996781 -0.0543123 0)
(0.99413 -0.0508616 0)
(0.991973 -0.0475249 0)
(0.99024 -0.0443346 0)
(0.988869 -0.0413107 0)
(0.987805 -0.0384639 0)
(0.986997 -0.0357978 0)
(0.986406 -0.0333113 0)
(0.985993 -0.0309996 0)
(0.985729 -0.0288555 0)
(0.985586 -0.0268704 0)
(1.05188 -0.0652292 0)
(1.04364 -0.0665101 0)
(1.03588 -0.0666705 0)
(1.02873 -0.0659064 0)
(1.02226 -0.0644093 0)
(1.01649 -0.0623567 0)
(1.01141 -0.0599048 0)
(1.00701 -0.0571868 0)
(1.00322 -0.0543123 0)
(1 -0.0513685 0)
(0.997291 -0.0484233 0)
(0.995033 -0.0455276 0)
(0.993172 -0.0427184 0)
(0.991654 -0.0400211 0)
(0.990433 -0.0374522 0)
(0.989465 -0.0350214 0)
(0.988714 -0.0327327 0)
(0.988145 -0.0305866 0)
(0.98773 -0.0285803 0)
(0.987443 -0.0267095 0)
(1.04985 -0.0574265 0)
(1.04274 -0.0590239 0)
(1.03594 -0.059648 0)
(1.02958 -0.059444 0)
(1.02374 -0.05856 0)
(1.01844 -0.0571381 0)
(1.0137 -0.0553077 0)
(1.00952 -0.0531832 0)
(1.00587 -0.0508616 0)
(1.00271 -0.0484233 0)
(1 -0.0459332 0)
(0.997698 -0.0434421 0)
(0.99576 -0.0409888 0)
(0.994144 -0.0386019 0)
(0.992809 -0.0363018 0)
(0.991718 -0.0341021 0)
(0.99084 -0.0320112 0)
(0.990143 -0.0300333 0)
(0.989602 -0.0281696 0)
(0.989194 -0.0264189 0)
(1.04766 -0.0507321 0)
(1.04151 -0.0525134 0)
(1.03556 -0.0534539 0)
(1.02992 -0.0536604 0)
(1.02466 -0.0532467 0)
(1.01982 -0.0523251 0)
(1.01544 -0.051002 0)
(1.01151 -0.0493738 0)
(1.00803 -0.0475249 0)
(1.00497 -0.0455276 0)
(1.0023 -0.0434421 0)
(1 -0.0413171 0)
(0.998028 -0.0391913 0)
(0.996352 -0.0370948 0)
(0.99494 -0.03505 0)
(0.99376 -0.0330733 0)
(0.992784 -0.0311761 0)
(0.991986 -0.0293655 0)
(0.991342 -0.0276455 0)
(0.990832 -0.0260179 0)
(1.04541 -0.0449741 0)
(1.04008 -0.0468465 0)
(1.03487 -0.0479947 0)
(1.02987 -0.048497 0)
(1.02514 -0.0484399 0)
(1.02075 -0.047912 0)
(1.01672 -0.0469995 0)
(1.01305 -0.0457829 0)
(1.00976 -0.0443346 0)
(1.00683 -0.0427184 0)
(1.00424 -0.0409888 0)
(1.00197 -0.0391913 0)
(1 -0.0373634 0)
(0.998298 -0.0355349 0)
(0.996839 -0.0337293 0)
(0.995598 -0.0319645 0)
(0.994551 -0.0302538 0)
(0.993675 -0.0286065 0)
(0.99295 -0.0270289 0)
(0.992356 -0.0255247 0)
(1.04316 -0.0400069 0)
(1.03854 -0.0419062 0)
(1.03397 -0.0431828 0)
(1.02953 -0.0438934 0)
(1.0253 -0.0441035 0)
(1.02132 -0.0438825 0)
(1.01762 -0.0432999 0)
(1.01422 -0.0424221 0)
(1.01113 -0.0413107 0)
(1.00835 -0.0400211 0)
(1.00586 -0.0386019 0)
(1.00365 -0.0370948 0)
(1.0017 -0.0355349 0)
(1 -0.0339512 0)
(0.99852 -0.032367 0)
(0.997243 -0.0308011 0)
(0.996147 -0.0292676 0)
(0.995214 -0.0277774 0)
(0.994426 -0.0263384 0)
(0.993766 -0.024956 0)
(1.04096 -0.0357084 0)
(1.03694 -0.0375911 0)
(1.03293 -0.0389383 0)
(1.02899 -0.0397909 0)
(1.0252 -0.0401982 0)
(1.0216 -0.0402142 0)
(1.01822 -0.0398945 0)
(1.01508 -0.0392938 0)
(1.0122 -0.0384639 0)
(1.00957 -0.0374522 0)
(1.00719 -0.0363018 0)
(1.00506 -0.03505 0)
(1.00316 -0.0337293 0)
(1.00148 -0.032367 0)
(1 -0.0309859 0)
(0.998706 -0.0296045 0)
(0.997581 -0.0282376 0)
(0.996609 -0.0268968 0)
(0.995774 -0.0255911 0)
(0.995063 -0.0243271 0)
(1.03885 -0.0319765 0)
(1.03533 -0.0338135 0)
(1.0318 -0.0351898 0)
(1.02831 -0.0361344 0)
(1.02491 -0.0366843 0)
(1.02166 -0.0368813 0)
(1.01857 -0.0367697 0)
(1.01568 -0.0363942 0)
(1.013 -0.0357978 0)
(1.01053 -0.0350214 0)
(1.00828 -0.0341021 0)
(1.00624 -0.0330733 0)
(1.0044 -0.0319645 0)
(1.00276 -0.0308011 0)
(1.00129 -0.0296045 0)
(1 -0.0283928 0)
(0.998862 -0.0271809 0)
(0.997866 -0.0259808 0)
(0.996999 -0.0248019 0)
(0.99625 -0.0236516 0)
(1.03682 -0.0287256 0)
(1.03374 -0.0304984 0)
(1.03063 -0.0318743 0)
(1.02753 -0.0328736 0)
(1.02448 -0.0335238 0)
(1.02154 -0.0338571 0)
(1.01874 -0.0339087 0)
(1.01608 -0.0337148 0)
(1.01359 -0.0333113 0)
(1.01129 -0.0327327 0)
(1.00916 -0.0320112 0)
(1.00722 -0.0311761 0)
(1.00545 -0.0302538 0)
(1.00385 -0.0292676 0)
(1.00242 -0.0282376 0)
(1.00114 -0.0271809 0)
(1 -0.0261121 0)
(0.998993 -0.0250431 0)
(0.998108 -0.0239837 0)
(0.997332 -0.0229417 0)
(1.0349 -0.0258843 0)
(1.0322 -0.0275816 0)
(1.02944 -0.0289365 0)
(1.02668 -0.0299627 0)
(1.02395 -0.0306806 0)
(1.0213 -0.0311147 0)
(1.01874 -0.031293 0)
(1.01631 -0.0312447 0)
(1.01401 -0.0309996 0)
(1.01186 -0.0305866 0)
(1.00986 -0.0300333 0)
(1.00801 -0.0293655 0)
(1.00632 -0.0286065 0)
(1.00479 -0.0277774 0)
(1.00339 -0.0268968 0)
(1.00213 -0.0259808 0)
(1.00101 -0.0250431 0)
(1 -0.0240956 0)
(0.999106 -0.0231479 0)
(0.998314 -0.0222081 0)
(1.03308 -0.0233928 0)
(1.0307 -0.0250086 0)
(1.02826 -0.0263283 0)
(1.0258 -0.0273611 0)
(1.02335 -0.0281215 0)
(1.02095 -0.0286285 0)
(1.01863 -0.028904 0)
(1.01639 -0.0289715 0)
(1.01427 -0.0288555 0)
(1.01227 -0.0285803 0)
(1.0104 -0.0281696 0)
(1.00866 -0.0276455 0)
(1.00705 -0.0270289 0)
(1.00557 -0.0263384 0)
(1.00423 -0.0255911 0)
(1.003 -0.0248019 0)
(1.00189 -0.0239837 0)
(1.00089 -0.0231479 0)
(1 -0.0223039 0)
(0.999202 -0.0214598 0)
(1.03137 -0.0212009 0)
(1.02926 -0.0227327 0)
(1.0271 -0.0240081 0)
(1.0249 -0.0250325 0)
(1.0227 -0.0258164 0)
(1.02053 -0.0263742 0)
(1.01841 -0.0267229 0)
(1.01637 -0.0268817 0)
(1.01441 -0.0268704 0)
(1.01256 -0.0267095 0)
(1.01081 -0.0264189 0)
(1.00917 -0.0260179 0)
(1.00764 -0.0255247 0)
(1.00623 -0.024956 0)
(1.00494 -0.0243271 0)
(1.00375 -0.0236516 0)
(1.00267 -0.0229417 0)
(1.00169 -0.0222081 0)
(1.0008 -0.0214598 0)
(1 -0.0207049 0)
(1.23159 -0.0175266 0)
(1.22636 -0.0521896 0)
(1.21601 -0.0856902 0)
(1.20077 -0.117283 0)
(1.18098 -0.146263 0)
(1.15707 -0.171988 0)
(1.12957 -0.193882 0)
(1.09909 -0.211457 0)
(1.06629 -0.224319 0)
(1.03189 -0.232175 0)
(1.20147 -0.0141436 0)
(1.1976 -0.0421692 0)
(1.18994 -0.069415 0)
(1.17863 -0.0953783 0)
(1.16387 -0.119581 0)
(1.14593 -0.141581 0)
(1.12514 -0.160976 0)
(1.10187 -0.177413 0)
(1.07652 -0.190593 0)
(1.04955 -0.200276 0)
(1.17686 -0.0115702 0)
(1.17394 -0.0345285 0)
(1.16815 -0.0569437 0)
(1.15959 -0.0784653 0)
(1.14838 -0.0987596 0)
(1.13471 -0.117515 0)
(1.11879 -0.134449 0)
(1.10087 -0.14931 0)
(1.08119 -0.16188 0)
(1.06007 -0.171981 0)
(1.15649 -0.00957896 0)
(1.15424 -0.0286054 0)
(1.14979 -0.0472397 0)
(1.14319 -0.0652292 0)
(1.13453 -0.0823332 0)
(1.12396 -0.0983277 0)
(1.1116 -0.113009 0)
(1.09764 -0.126196 0)
(1.08225 -0.137733 0)
(1.06564 -0.147491 0)
(1.13945 -0.00801474 0)
(1.13769 -0.023946 0)
(1.13419 -0.0395844 0)
(1.12902 -0.0547415 0)
(1.12223 -0.0692383 0)
(1.11392 -0.0829086 0)
(1.10419 -0.0956021 0)
(1.09319 -0.107186 0)
(1.08103 -0.117548 0)
(1.06787 -0.126595 0)
(1.12504 -0.00676945 0)
(1.12364 -0.0202326 0)
(1.12086 -0.03347 0)
(1.11673 -0.0463367 0)
(1.11132 -0.0586952 0)
(1.10469 -0.0704187 0)
(1.09694 -0.0813929 0)
(1.08815 -0.091518 0)
(1.07844 -0.10071 0)
(1.06791 -0.108901 0)
(1.11275 -0.00576615 0)
(1.11162 -0.0172383 0)
(1.10937 -0.0285315 0)
(1.10603 -0.0395307 0)
(1.10165 -0.0501274 0)
(1.0963 -0.0602217 0)
(1.09002 -0.0697243 0)
(1.08292 -0.0785578 0)
(1.07506 -0.0866576 0)
(1.06655 -0.0939732 0)
(1.10219 -0.00494909 0)
(1.10126 -0.0147983 0)
(1.09942 -0.0245019 0)
(1.09668 -0.0339663 0)
(1.09309 -0.0431037 0)
(1.08869 -0.0518331 0)
(1.08355 -0.0600826 0)
(1.07773 -0.0677904 0)
(1.0713 -0.0749053 0)
(1.06434 -0.0813879 0)
(1.09305 -0.00427721 0)
(1.09227 -0.0127909 0)
(1.09074 -0.0211834 0)
(1.08846 -0.029377 0)
(1.08548 -0.0372987 0)
(1.08183 -0.0448815 0)
(1.07756 -0.052066 0)
(1.07273 -0.0588013 0)
(1.0674 -0.0650457 0)
(1.06163 -0.0707672 0)
(1.08508 -0.00371982 0)
(1.08443 -0.0111249 0)
(1.08313 -0.0184273 0)
(1.08121 -0.0255611 0)
(1.0787 -0.0324644 0)
(1.07563 -0.0390807 0)
(1.07204 -0.0453598 0)
(1.06798 -0.0512587 0)
(1.06351 -0.0567425 0)
(1.05867 -0.0617845 0)
(1.07809 -0.00325369 0)
(1.07753 -0.00973132 0)
(1.07643 -0.0161204 0)
(1.0748 -0.0223644 0)
(1.07266 -0.0284099 0)
(1.07004 -0.0342083 0)
(1.06699 -0.0397163 0)
(1.06354 -0.0448972 0)
(1.05974 -0.049721 0)
(1.05564 -0.0541646 0)
(1.07193 -0.00286098 0)
(1.07145 -0.008557 0)
(1.0705 -0.0141758 0)
(1.06909 -0.0196679 0)
(1.06725 -0.0249868 0)
(1.065 -0.03009 0)
(1.06237 -0.03494 0)
(1.0594 -0.0395044 0)
(1.05614 -0.0437572 0)
(1.05262 -0.0476783 0)
(1.06646 -0.0025279 0)
(1.06605 -0.00756079 0)
(1.06522 -0.0125256 0)
(1.064 -0.0173786 0)
(1.06239 -0.0220788 0)
(1.06043 -0.0265888 0)
(1.05815 -0.0308753 0)
(1.05557 -0.0349099 0)
(1.05274 -0.0386695 0)
(1.04968 -0.0421362 0)
(1.0616 -0.00224361 0)
(1.06124 -0.00671045 0)
(1.06051 -0.0111167 0)
(1.05943 -0.0154234 0)
(1.05802 -0.0195942 0)
(1.0563 -0.0235957 0)
(1.0543 -0.0273982 0)
(1.05204 -0.0309765 0)
(1.04955 -0.0343098 0)
(1.04687 -0.0373822 0)
(1.05725 -0.00199956 0)
(1.05693 -0.00598042 0)
(1.05628 -0.00990694 0)
(1.05533 -0.0137443 0)
(1.05408 -0.0174598 0)
(1.05256 -0.0210235 0)
(1.05078 -0.0244089 0)
(1.04877 -0.0275931 0)
(1.04657 -0.0305577 0)
(1.0442 -0.0332882 0)
(1.05335 -0.00178894 0)
(1.05306 -0.00535035 0)
(1.05248 -0.00886276 0)
(1.05163 -0.0122948 0)
(1.05051 -0.015617 0)
(1.04915 -0.0188023 0)
(1.04756 -0.0218267 0)
(1.04577 -0.0246698 0)
(1.0438 -0.0273148 0)
(1.04168 -0.0297487 0)
(1.04983 -0.00160625 0)
(1.04957 -0.00480383 0)
(1.04905 -0.00795703 0)
(1.04828 -0.0110374 0)
(1.04728 -0.0140183 0)
(1.04605 -0.0168751 0)
(1.04462 -0.0195863 0)
(1.04301 -0.0221331 0)
(1.04123 -0.0245004 0)
(1.03932 -0.0266765 0)
(1.04665 -0.00144705 0)
(1.04642 -0.00432759 0)
(1.04594 -0.00716776 0)
(1.04525 -0.00994171 0)
(1.04433 -0.0126251 0)
(1.04322 -0.0151958 0)
(1.04192 -0.0176339 0)
(1.04046 -0.0199227 0)
(1.03885 -0.0220482 0)
(1.03711 -0.0239998 0)
(1.04377 -0.00130772 0)
(1.04355 -0.00391079 0)
(1.04312 -0.00647702 0)
(1.04248 -0.00898283 0)
(1.04165 -0.011406 0)
(1.04063 -0.0137264 0)
(1.03945 -0.0159259 0)
(1.03811 -0.017989 0)
(1.03664 -0.0199033 0)
(1.03506 -0.021659 0)
(1.04114 -0.00118528 0)
(1.04094 -0.00354452 0)
(1.04055 -0.00587006 0)
(1.03996 -0.00814032 0)
(1.0392 -0.010335 0)
(1.03826 -0.0124356 0)
(1.03717 -0.0144257 0)
(1.03594 -0.0162911 0)
(1.03459 -0.0180204 0)
(1.03314 -0.0196048 0)
(1.02062 0.262059 0)
(1.02291 0.291141 0)
(1.02561 0.325346 0)
(1.0288 0.365952 0)
(1.03263 0.414661 0)
(1.03729 0.473782 0)
(1.04301 0.546505 0)
(1.05016 0.637346 0)
(1.05925 0.752863 0)
(1.07106 0.902868 0)
(1.06137 0.255606 0)
(1.06818 0.283972 0)
(1.07619 0.317335 0)
(1.08569 0.356941 0)
(1.0971 0.404451 0)
(1.11094 0.462116 0)
(1.12797 0.533048 0)
(1.14925 0.621653 0)
(1.1763 0.734325 0)
(1.21142 0.880636 0)
(1.1006 0.242859 0)
(1.11176 0.269811 0)
(1.12489 0.30151 0)
(1.14048 0.339141 0)
(1.15917 0.384282 0)
(1.18187 0.439071 0)
(1.20979 0.506466 0)
(1.24466 0.590652 0)
(1.289 0.697705 0)
(1.34658 0.83672 0)
(1.13735 0.224133 0)
(1.15259 0.249006 0)
(1.17052 0.278261 0)
(1.1918 0.31299 0)
(1.21733 0.35465 0)
(1.24832 0.405214 0)
(1.28643 0.467413 0)
(1.33404 0.545107 0)
(1.39459 0.643906 0)
(1.47321 0.772201 0)
(1.17072 0.199887 0)
(1.18967 0.22207 0)
(1.21195 0.24816 0)
(1.2384 0.279133 0)
(1.27013 0.316286 0)
(1.30865 0.36138 0)
(1.35602 0.41685 0)
(1.4152 0.48614 0)
(1.49046 0.574251 0)
(1.58818 0.688668 0)
(1.19989 0.17072 0)
(1.22207 0.189666 0)
(1.24816 0.211949 0)
(1.27913 0.238402 0)
(1.31629 0.270134 0)
(1.36138 0.308648 0)
(1.41685 0.356024 0)
(1.48614 0.415203 0)
(1.57425 0.490457 0)
(1.68867 0.588178 0)
(1.22413 0.137349 0)
(1.24901 0.152591 0)
(1.27826 0.170519 0)
(1.31299 0.191801 0)
(1.35465 0.21733 0)
(1.40521 0.248316 0)
(1.46741 0.286431 0)
(1.54511 0.334042 0)
(1.64391 0.394586 0)
(1.7722 0.473205 0)
(1.24286 0.100596 0)
(1.26981 0.111759 0)
(1.30151 0.12489 0)
(1.33914 0.140477 0)
(1.38428 0.159175 0)
(1.43907 0.181869 0)
(1.50647 0.209785 0)
(1.59065 0.244656 0)
(1.6977 0.288999 0)
(1.83672 0.34658 0)
(1.25561 0.0613656 0)
(1.28397 0.0681757 0)
(1.31734 0.0761854 0)
(1.35694 0.085694 0)
(1.40445 0.0971001 0)
(1.46212 0.110944 0)
(1.53305 0.127973 0)
(1.62165 0.149245 0)
(1.73432 0.176296 0)
(1.88063 0.211422 0)
(1.26206 0.0206245 0)
(1.29114 0.0229133 0)
(1.32535 0.0256053 0)
(1.36595 0.0288011 0)
(1.41466 0.0326346 0)
(1.47378 0.0372874 0)
(1.5465 0.0430108 0)
(1.63735 0.0501602 0)
(1.75286 0.0592515 0)
(1.90287 0.0710571 0)
(0.737941 0.0206245 0)
(0.708859 0.0229133 0)
(0.674654 0.0256053 0)
(0.634048 0.0288011 0)
(0.585339 0.0326346 0)
(0.526219 0.0372874 0)
(0.453496 0.0430108 0)
(0.362654 0.0501602 0)
(0.247138 0.0592515 0)
(0.0971338 0.0710571 0)
(0.744394 0.0613656 0)
(0.716028 0.0681757 0)
(0.682665 0.0761854 0)
(0.643059 0.085694 0)
(0.595549 0.0971001 0)
(0.537885 0.110944 0)
(0.466952 0.127973 0)
(0.378348 0.149245 0)
(0.265676 0.176296 0)
(0.119365 0.211422 0)
(0.757141 0.100596 0)
(0.730189 0.111759 0)
(0.69849 0.12489 0)
(0.660859 0.140477 0)
(0.615718 0.159175 0)
(0.560929 0.181869 0)
(0.493534 0.209785 0)
(0.409348 0.244656 0)
(0.302295 0.288999 0)
(0.163281 0.34658 0)
(0.775867 0.137349 0)
(0.750994 0.152591 0)
(0.721739 0.170519 0)
(0.68701 0.191801 0)
(0.64535 0.21733 0)
(0.594786 0.248316 0)
(0.532587 0.286431 0)
(0.454893 0.334042 0)
(0.356094 0.394586 0)
(0.227799 0.473205 0)
(0.800113 0.17072 0)
(0.77793 0.189666 0)
(0.75184 0.211949 0)
(0.720867 0.238402 0)
(0.683714 0.270134 0)
(0.63862 0.308648 0)
(0.58315 0.356024 0)
(0.51386 0.415203 0)
(0.425749 0.490457 0)
(0.311332 0.588178 0)
(0.82928 0.199887 0)
(0.810334 0.22207 0)
(0.788051 0.24816 0)
(0.761598 0.279133 0)
(0.729866 0.316286 0)
(0.691352 0.36138 0)
(0.643976 0.41685 0)
(0.584797 0.48614 0)
(0.509543 0.574251 0)
(0.411821 0.688668 0)
(0.862651 0.224133 0)
(0.847409 0.249006 0)
(0.829481 0.278261 0)
(0.808199 0.31299 0)
(0.78267 0.35465 0)
(0.751684 0.405214 0)
(0.713569 0.467413 0)
(0.665958 0.545107 0)
(0.605414 0.643906 0)
(0.526794 0.772201 0)
(0.899404 0.242859 0)
(0.888241 0.269811 0)
(0.87511 0.30151 0)
(0.859523 0.339141 0)
(0.840825 0.384282 0)
(0.818131 0.439071 0)
(0.790215 0.506466 0)
(0.755344 0.590652 0)
(0.711001 0.697705 0)
(0.653419 0.83672 0)
(0.938634 0.255606 0)
(0.931824 0.283972 0)
(0.923815 0.317335 0)
(0.914306 0.356941 0)
(0.9029 0.404451 0)
(0.889056 0.462116 0)
(0.872026 0.533048 0)
(0.850754 0.621653 0)
(0.823704 0.734325 0)
(0.788578 0.880636 0)
(0.979376 0.262059 0)
(0.977087 0.291141 0)
(0.974395 0.325346 0)
(0.971199 0.365952 0)
(0.967365 0.414661 0)
(0.962713 0.473782 0)
(0.956989 0.546505 0)
(0.94984 0.637346 0)
(0.940748 0.752863 0)
(0.928943 0.902868 0)
(0.958859 0.00118528 0)
(0.956233 0.00130772 0)
(0.953347 0.00144705 0)
(0.950166 0.00160625 0)
(0.946649 0.00178894 0)
(0.942746 0.00199956 0)
(0.938398 0.00224361 0)
(0.933536 0.0025279 0)
(0.928075 0.00286098 0)
(0.921912 0.00325369 0)
(0.914923 0.00371982 0)
(0.906952 0.00427721 0)
(0.897807 0.00494909 0)
(0.887246 0.00576615 0)
(0.874961 0.00676945 0)
(0.860555 0.00801474 0)
(0.84351 0.00957896 0)
(0.823143 0.0115702 0)
(0.798532 0.0141436 0)
(0.768411 0.0175266 0)
(0.959058 0.00354452 0)
(0.95645 0.00391079 0)
(0.953585 0.00432759 0)
(0.950428 0.00480383 0)
(0.946939 0.00535035 0)
(0.94307 0.00598042 0)
(0.938764 0.00671045 0)
(0.933952 0.00756079 0)
(0.928553 0.008557 0)
(0.922468 0.00973132 0)
(0.915575 0.0111249 0)
(0.907726 0.0127909 0)
(0.898737 0.0147983 0)
(0.88838 0.0172383 0)
(0.876362 0.0202326 0)
(0.862313 0.023946 0)
(0.845755 0.0286054 0)
(0.826061 0.0345285 0)
(0.802397 0.0421692 0)
(0.773644 0.0521896 0)
(0.959454 0.00587006 0)
(0.95688 0.00647702 0)
(0.954056 0.00716776 0)
(0.950947 0.00795703 0)
(0.947516 0.00886276 0)
(0.943715 0.00990694 0)
(0.939491 0.0111167 0)
(0.934779 0.0125256 0)
(0.929503 0.0141758 0)
(0.92357 0.0161204 0)
(0.916868 0.0184273 0)
(0.909262 0.0211834 0)
(0.900584 0.0245019 0)
(0.89063 0.0285315 0)
(0.879144 0.03347 0)
(0.865806 0.0395844 0)
(0.850212 0.0472397 0)
(0.831848 0.0569437 0)
(0.810057 0.069415 0)
(0.783994 0.0856902 0)
(0.960039 0.00814032 0)
(0.957517 0.00898283 0)
(0.954753 0.00994171 0)
(0.951716 0.0110374 0)
(0.948369 0.0122948 0)
(0.944669 0.0137443 0)
(0.940567 0.0154234 0)
(0.936004 0.0173786 0)
(0.93091 0.0196679 0)
(0.925203 0.0223644 0)
(0.918785 0.0255611 0)
(0.911538 0.029377 0)
(0.903322 0.0339663 0)
(0.893968 0.0395307 0)
(0.88327 0.0463367 0)
(0.870983 0.0547415 0)
(0.856814 0.0652292 0)
(0.840412 0.0784653 0)
(0.82137 0.0953783 0)
(0.799233 0.117283 0)
(0.960804 0.010335 0)
(0.95835 0.011406 0)
(0.955666 0.0126251 0)
(0.952722 0.0140183 0)
(0.949486 0.015617 0)
(0.945918 0.0174598 0)
(0.941976 0.0195942 0)
(0.937607 0.0220788 0)
(0.932753 0.0249868 0)
(0.927343 0.0284099 0)
(0.921297 0.0324644 0)
(0.914523 0.0372987 0)
(0.906913 0.0431037 0)
(0.898345 0.0501274 0)
(0.888682 0.0586952 0)
(0.877774 0.0692383 0)
(0.865466 0.0823332 0)
(0.851617 0.0987596 0)
(0.83613 0.119581 0)
(0.819024 0.146263 0)
(0.961739 0.0124356 0)
(0.959368 0.0137264 0)
(0.95678 0.0151958 0)
(0.95395 0.0168751 0)
(0.950848 0.0188023 0)
(0.947443 0.0210235 0)
(0.943696 0.0235957 0)
(0.939565 0.0265888 0)
(0.935003 0.03009 0)
(0.929957 0.0342083 0)
(0.924369 0.0390807 0)
(0.918174 0.0448815 0)
(0.911308 0.0518331 0)
(0.903705 0.0602217 0)
(0.895309 0.0704187 0)
(0.886085 0.0829086 0)
(0.876044 0.0983277 0)
(0.865285 0.117515 0)
(0.854067 0.141581 0)
(0.84293 0.171988 0)
(0.962828 0.0144257 0)
(0.960554 0.0159259 0)
(0.958078 0.0176339 0)
(0.955381 0.0195863 0)
(0.952437 0.0218267 0)
(0.94922 0.0244089 0)
(0.945702 0.0273982 0)
(0.941849 0.0308753 0)
(0.93763 0.03494 0)
(0.93301 0.0397163 0)
(0.927957 0.0453598 0)
(0.922443 0.052066 0)
(0.916449 0.0600826 0)
(0.909977 0.0697243 0)
(0.903064 0.0813929 0)
(0.895806 0.0956021 0)
(0.888399 0.113009 0)
(0.881206 0.134449 0)
(0.874858 0.160976 0)
(0.870427 0.193882 0)
(0.964057 0.0162911 0)
(0.961891 0.017989 0)
(0.959543 0.0199227 0)
(0.956995 0.0221331 0)
(0.954229 0.0246698 0)
(0.951225 0.0275931 0)
(0.947964 0.0309765 0)
(0.944427 0.0349099 0)
(0.940596 0.0395044 0)
(0.93646 0.0448972 0)
(0.932015 0.0512587 0)
(0.927273 0.0588013 0)
(0.92227 0.0677904 0)
(0.917082 0.0785578 0)
(0.91185 0.091518 0)
(0.906812 0.107186 0)
(0.902362 0.126196 0)
(0.899135 0.14931 0)
(0.898132 0.177413 0)
(0.900908 0.211457 0)
(0.965408 0.0180204 0)
(0.963361 0.0199033 0)
(0.961152 0.0220482 0)
(0.958769 0.0245004 0)
(0.956199 0.0273148 0)
(0.95343 0.0305577 0)
(0.950453 0.0343098 0)
(0.947263 0.0386695 0)
(0.943862 0.0437572 0)
(0.940261 0.049721 0)
(0.93649 0.0567425 0)
(0.932604 0.0650457 0)
(0.9287 0.0749053 0)
(0.924936 0.0866576 0)
(0.921561 0.10071 0)
(0.918966 0.117548 0)
(0.917748 0.137733 0)
(0.918805 0.16188 0)
(0.923476 0.190593 0)
(0.933708 0.224319 0)
(0.966863 0.0196048 0)
(0.964945 0.021659 0)
(0.962886 0.0239998 0)
(0.96068 0.0266765 0)
(0.95832 0.0297487 0)
(0.955804 0.0332882 0)
(0.953134 0.0373822 0)
(0.950321 0.0421362 0)
(0.947385 0.0476783 0)
(0.944365 0.0541646 0)
(0.941326 0.0617845 0)
(0.938372 0.0707672 0)
(0.935664 0.0813879 0)
(0.933447 0.0939732 0)
(0.932086 0.108901 0)
(0.932126 0.126595 0)
(0.934359 0.147491 0)
(0.939929 0.171981 0)
(0.950446 0.200276 0)
(0.968107 0.232175 0)
(0.968634 0.0212009 0)
(0.966922 0.0233928 0)
(0.965103 0.0258843 0)
(0.96318 0.0287256 0)
(0.961154 0.0319765 0)
(0.959035 0.0357084 0)
(0.956839 0.0400069 0)
(0.954594 0.0449741 0)
(0.952343 0.0507321 0)
(0.950153 0.0574265 0)
(0.948124 0.0652292 0)
(0.946403 0.0743418 0)
(0.945201 0.084996 0)
(0.944826 0.0974512 0)
(0.945712 0.111983 0)
(0.948471 0.128859 0)
(0.953949 0.148289 0)
(0.963296 0.170333 0)
(0.978019 0.194748 0)
(1 0.220742 0)
(0.970736 0.0227327 0)
(0.969301 0.0250086 0)
(0.967805 0.0275816 0)
(0.966256 0.0304984 0)
(0.964667 0.0338135 0)
(0.963059 0.0375911 0)
(0.961461 0.0419062 0)
(0.959917 0.0468465 0)
(0.958488 0.0525134 0)
(0.957263 0.0590239 0)
(0.956361 0.0665101 0)
(0.955951 0.0751184 0)
(0.956263 0.0850052 0)
(0.957611 0.096327 0)
(0.960415 0.109222 0)
(0.965234 0.12378 0)
(0.972796 0.139985 0)
(0.984017 0.157635 0)
(1 0.17622 0)
(1.02198 0.194748 0)
(0.972904 0.0240081 0)
(0.971742 0.0263283 0)
(0.97056 0.0289365 0)
(0.969372 0.0318743 0)
(0.968201 0.0351898 0)
(0.967074 0.0389383 0)
(0.966032 0.0431828 0)
(0.965128 0.0479947 0)
(0.964437 0.0534539 0)
(0.964056 0.059648 0)
(0.964117 0.0666705 0)
(0.964791 0.0746169 0)
(0.966308 0.0835768 0)
(0.968961 0.0936215 0)
(0.973129 0.104783 0)
(0.979288 0.117023 0)
(0.988018 0.130184 0)
(1 0.143925 0)
(1.01598 0.157635 0)
(1.0367 0.170333 0)
(0.975103 0.0250325 0)
(0.974204 0.0273611 0)
(0.973321 0.0299627 0)
(0.972475 0.0328736 0)
(0.971692 0.0361344 0)
(0.971007 0.0397909 0)
(0.970467 0.0438934 0)
(0.970132 0.048497 0)
(0.970081 0.0536604 0)
(0.970416 0.059444 0)
(0.971267 0.0659064 0)
(0.972801 0.0730991 0)
(0.975229 0.0810575 0)
(0.978813 0.0897876 0)
(0.983872 0.0992464 0)
(0.990788 0.109314 0)
(1 0.119758 0)
(1.01198 0.130184 0)
(1.0272 0.139985 0)
(1.04605 0.148289 0)
(0.9773 0.0258164 0)
(0.97665 0.0281215 0)
(0.976047 0.0306806 0)
(0.975515 0.0335238 0)
(0.975086 0.0366843 0)
(0.974798 0.0401982 0)
(0.9747 0.0441035 0)
(0.974855 0.0484399 0)
(0.975344 0.0532467 0)
(0.976264 0.05856 0)
(0.977741 0.0644093 0)
(0.979926 0.0708107 0)
(0.983005 0.0777585 0)
(0.987199 0.0852126 0)
(0.992767 0.0930821 0)
(1 0.101204 0)
(1.00921 0.109314 0)
(1.02071 0.117023 0)
(1.03477 0.12378 0)
(1.05153 0.128859 0)
(0.979469 0.0263742 0)
(0.979049 0.0286285 0)
(0.978702 0.0311147 0)
(0.978455 0.0338571 0)
(0.978341 0.0368813 0)
(0.9784 0.0402142 0)
(0.978682 0.0438825 0)
(0.979249 0.047912 0)
(0.980178 0.0523251 0)
(0.981562 0.0571381 0)
(0.983512 0.0623567 0)
(0.986163 0.0679705 0)
(0.989671 0.0739448 0)
(0.994217 0.0802102 0)
(1 0.0866495 0)
(1.00723 0.0930821 0)
(1.01613 0.0992464 0)
(1.02687 0.104783 0)
(1.03959 0.109222 0)
(1.05429 0.111983 0)
(0.981585 0.0267229 0)
(0.981374 0.028904 0)
(0.981258 0.031293 0)
(0.981264 0.0339087 0)
(0.981425 0.0367697 0)
(0.981781 0.0398945 0)
(0.982381 0.0432999 0)
(0.983284 0.0469995 0)
(0.984561 0.051002 0)
(0.986296 0.0553077 0)
(0.988587 0.0599048 0)
(0.991547 0.064764 0)
(0.995304 0.0698321 0)
(1 0.0750233 0)
(1.00578 0.0802102 0)
(1.0128 0.0852126 0)
(1.02119 0.0897876 0)
(1.03104 0.0936215 0)
(1.04239 0.096327 0)
(1.05517 0.0974512 0)
(0.983629 0.0268817 0)
(0.983606 0.0289715 0)
(0.983694 0.0312447 0)
(0.98392 0.0337148 0)
(0.984315 0.0363942 0)
(0.98492 0.0392938 0)
(0.985779 0.0424221 0)
(0.986948 0.0457829 0)
(0.98849 0.0493738 0)
(0.990477 0.0531832 0)
(0.992995 0.0571868 0)
(0.996135 0.0613434 0)
(1 0.0655892 0)
(1.0047 0.0698321 0)
(1.01033 0.0739448 0)
(1.017 0.0777585 0)
(1.02477 0.0810575 0)
(1.03369 0.0835768 0)
(1.04374 0.0850052 0)
(1.0548 0.084996 0)
(0.985586 0.0268704 0)
(0.985729 0.0288555 0)
(0.985993 0.0309996 0)
(0.986406 0.0333113 0)
(0.986997 0.0357978 0)
(0.987805 0.0384639 0)
(0.988869 0.0413107 0)
(0.99024 0.0443346 0)
(0.991973 0.0475249 0)
(0.99413 0.0508616 0)
(0.996781 0.0543123 0)
(1 0.0578288 0)
(1.00386 0.0613434 0)
(1.00845 0.064764 0)
(1.01384 0.0679705 0)
(1.02007 0.0708107 0)
(1.0272 0.0730991 0)
(1.03521 0.0746169 0)
(1.04405 0.0751184 0)
(1.0536 0.0743418 0)
(0.987443 0.0267095 0)
(0.98773 0.0285803 0)
(0.988145 0.0305866 0)
(0.988714 0.0327327 0)
(0.989465 0.0350214 0)
(0.990433 0.0374522 0)
(0.991654 0.0400211 0)
(0.993172 0.0427184 0)
(0.995033 0.0455276 0)
(0.997291 0.0484233 0)
(1 0.0513685 0)
(1.00322 0.0543123 0)
(1.00701 0.0571868 0)
(1.01141 0.0599048 0)
(1.01649 0.0623567 0)
(1.02226 0.0644093 0)
(1.02873 0.0659064 0)
(1.03588 0.0666705 0)
(1.04364 0.0665101 0)
(1.05188 0.0652292 0)
(0.989194 0.0264189 0)
(0.989602 0.0281696 0)
(0.990143 0.0300333 0)
(0.99084 0.0320112 0)
(0.991718 0.0341021 0)
(0.992809 0.0363018 0)
(0.994144 0.0386019 0)
(0.99576 0.0409888 0)
(0.997698 0.0434421 0)
(1 0.0459332 0)
(1.00271 0.0484233 0)
(1.00587 0.0508616 0)
(1.00952 0.0531832 0)
(1.0137 0.0553077 0)
(1.01844 0.0571381 0)
(1.02374 0.05856 0)
(1.02958 0.059444 0)
(1.03594 0.059648 0)
(1.04274 0.0590239 0)
(1.04985 0.0574265 0)
(0.990832 0.0260179 0)
(0.991342 0.0276455 0)
(0.991986 0.0293655 0)
(0.992784 0.0311761 0)
(0.99376 0.0330733 0)
(0.99494 0.03505 0)
(0.996352 0.0370948 0)
(0.998028 0.0391913 0)
(1 0.0413171 0)
(1.0023 0.0434421 0)
(1.00497 0.0455276 0)
(1.00803 0.0475249 0)
(1.01151 0.0493738 0)
(1.01544 0.051002 0)
(1.01982 0.0523251 0)
(1.02466 0.0532467 0)
(1.02992 0.0536604 0)
(1.03556 0.0534539 0)
(1.04151 0.0525134 0)
(1.04766 0.0507321 0)
(0.992356 0.0255247 0)
(0.99295 0.0270289 0)
(0.993675 0.0286065 0)
(0.994551 0.0302538 0)
(0.995598 0.0319645 0)
(0.996839 0.0337293 0)
(0.998298 0.0355349 0)
(1 0.0373634 0)
(1.00197 0.0391913 0)
(1.00424 0.0409888 0)
(1.00683 0.0427184 0)
(1.00976 0.0443346 0)
(1.01305 0.0457829 0)
(1.01672 0.0469995 0)
(1.02075 0.047912 0)
(1.02514 0.0484399 0)
(1.02987 0.048497 0)
(1.03487 0.0479947 0)
(1.04008 0.0468465 0)
(1.04541 0.0449741 0)
(0.993766 0.024956 0)
(0.994426 0.0263384 0)
(0.995214 0.0277774 0)
(0.996147 0.0292676 0)
(0.997243 0.0308011 0)
(0.99852 0.032367 0)
(1 0.0339512 0)
(1.0017 0.0355349 0)
(1.00365 0.0370948 0)
(1.00586 0.0386019 0)
(1.00835 0.0400211 0)
(1.01113 0.0413107 0)
(1.01422 0.0424221 0)
(1.01762 0.0432999 0)
(1.02132 0.0438825 0)
(1.0253 0.0441035 0)
(1.02953 0.0438934 0)
(1.03397 0.0431828 0)
(1.03854 0.0419062 0)
(1.04316 0.0400069 0)
(0.995063 0.0243271 0)
(0.995774 0.0255911 0)
(0.996609 0.0268968 0)
(0.997581 0.0282376 0)
(0.998706 0.0296045 0)
(1 0.0309859 0)
(1.00148 0.032367 0)
(1.00316 0.0337293 0)
(1.00506 0.03505 0)
(1.00719 0.0363018 0)
(1.00957 0.0374522 0)
(1.0122 0.0384639 0)
(1.01508 0.0392938 0)
(1.01822 0.0398945 0)
(1.0216 0.0402142 0)
(1.0252 0.0401982 0)
(1.02899 0.0397909 0)
(1.03293 0.0389383 0)
(1.03694 0.0375911 0)
(1.04096 0.0357084 0)
(0.99625 0.0236516 0)
(0.996999 0.0248019 0)
(0.997866 0.0259808 0)
(0.998862 0.0271809 0)
(1 0.0283928 0)
(1.00129 0.0296045 0)
(1.00276 0.0308011 0)
(1.0044 0.0319645 0)
(1.00624 0.0330733 0)
(1.00828 0.0341021 0)
(1.01053 0.0350214 0)
(1.013 0.0357978 0)
(1.01568 0.0363942 0)
(1.01857 0.0367697 0)
(1.02166 0.0368813 0)
(1.02491 0.0366843 0)
(1.02831 0.0361344 0)
(1.0318 0.0351898 0)
(1.03533 0.0338135 0)
(1.03885 0.0319765 0)
(0.997332 0.0229417 0)
(0.998108 0.0239837 0)
(0.998993 0.0250431 0)
(1 0.0261121 0)
(1.00114 0.0271809 0)
(1.00242 0.0282376 0)
(1.00385 0.0292676 0)
(1.00545 0.0302538 0)
(1.00722 0.0311761 0)
(1.00916 0.0320112 0)
(1.01129 0.0327327 0)
(1.01359 0.0333113 0)
(1.01608 0.0337148 0)
(1.01874 0.0339087 0)
(1.02154 0.0338571 0)
(1.02448 0.0335238 0)
(1.02753 0.0328736 0)
(1.03063 0.0318743 0)
(1.03374 0.0304984 0)
(1.03682 0.0287256 0)
(0.998314 0.0222081 0)
(0.999106 0.0231479 0)
(1 0.0240956 0)
(1.00101 0.0250431 0)
(1.00213 0.0259808 0)
(1.00339 0.0268968 0)
(1.00479 0.0277774 0)
(1.00632 0.0286065 0)
(1.00801 0.0293655 0)
(1.00986 0.0300333 0)
(1.01186 0.0305866 0)
(1.01401 0.0309996 0)
(1.01631 0.0312447 0)
(1.01874 0.031293 0)
(1.0213 0.0311147 0)
(1.02395 0.0306806 0)
(1.02668 0.0299627 0)
(1.02944 0.0289365 0)
(1.0322 0.0275816 0)
(1.0349 0.0258843 0)
(0.999202 0.0214598 0)
(1 0.0223039 0)
(1.00089 0.0231479 0)
(1.00189 0.0239837 0)
(1.003 0.0248019 0)
(1.00423 0.0255911 0)
(1.00557 0.0263384 0)
(1.00705 0.0270289 0)
(1.00866 0.0276455 0)
(1.0104 0.0281696 0)
(1.01227 0.0285803 0)
(1.01427 0.0288555 0)
(1.01639 0.0289715 0)
(1.01863 0.028904 0)
(1.02095 0.0286285 0)
(1.02335 0.0281215 0)
(1.0258 0.0273611 0)
(1.02826 0.0263283 0)
(1.0307 0.0250086 0)
(1.03308 0.0233928 0)
(1 0.0207049 0)
(1.0008 0.0214598 0)
(1.00169 0.0222081 0)
(1.00267 0.0229417 0)
(1.00375 0.0236516 0)
(1.00494 0.0243271 0)
(1.00623 0.024956 0)
(1.00764 0.0255247 0)
(1.00917 0.0260179 0)
(1.01081 0.0264189 0)
(1.01256 0.0267095 0)
(1.01441 0.0268704 0)
(1.01637 0.0268817 0)
(1.01841 0.0267229 0)
(1.02053 0.0263742 0)
(1.0227 0.0258164 0)
(1.0249 0.0250325 0)
(1.0271 0.0240081 0)
(1.02926 0.0227327 0)
(1.03137 0.0212009 0)
(1.03189 0.232175 0)
(1.06629 0.224319 0)
(1.09909 0.211457 0)
(1.12957 0.193882 0)
(1.15707 0.171988 0)
(1.18098 0.146263 0)
(1.20077 0.117283 0)
(1.21601 0.0856902 0)
(1.22636 0.0521896 0)
(1.23159 0.0175266 0)
(1.04955 0.200276 0)
(1.07652 0.190593 0)
(1.10187 0.177413 0)
(1.12514 0.160976 0)
(1.14593 0.141581 0)
(1.16387 0.119581 0)
(1.17863 0.0953783 0)
(1.18994 0.069415 0)
(1.1976 0.0421692 0)
(1.20147 0.0141436 0)
(1.06007 0.171981 0)
(1.08119 0.16188 0)
(1.10087 0.14931 0)
(1.11879 0.134449 0)
(1.13471 0.117515 0)
(1.14838 0.0987596 0)
(1.15959 0.0784653 0)
(1.16815 0.0569437 0)
(1.17394 0.0345285 0)
(1.17686 0.0115702 0)
(1.06564 0.147491 0)
(1.08225 0.137733 0)
(1.09764 0.126196 0)
(1.1116 0.113009 0)
(1.12396 0.0983277 0)
(1.13453 0.0823332 0)
(1.14319 0.0652292 0)
(1.14979 0.0472397 0)
(1.15424 0.0286054 0)
(1.15649 0.00957896 0)
(1.06787 0.126595 0)
(1.08103 0.117548 0)
(1.09319 0.107186 0)
(1.10419 0.0956021 0)
(1.11392 0.0829086 0)
(1.12223 0.0692383 0)
(1.12902 0.0547415 0)
(1.13419 0.0395844 0)
(1.13769 0.023946 0)
(1.13945 0.00801474 0)
(1.06791 0.108901 0)
(1.07844 0.10071 0)
(1.08815 0.091518 0)
(1.09694 0.0813929 0)
(1.10469 0.0704187 0)
(1.11132 0.0586952 0)
(1.11673 0.0463367 0)
(1.12086 0.03347 0)
(1.12364 0.0202326 0)
(1.12504 0.00676945 0)
(1.06655 0.0939732 0)
(1.07506 0.0866576 0)
(1.08292 0.0785578 0)
(1.09002 0.0697243 0)
(1.0963 0.0602217 0)
(1.10165 0.0501274 0)
(1.10603 0.0395307 0)
(1.10937 0.0285315 0)
(1.11162 0.0172383 0)
(1.11275 0.00576615 0)
(1.06434 0.0813879 0)
(1.0713 0.0749053 0)
(1.07773 0.0677904 0)
(1.08355 0.0600826 0)
(1.08869 0.0518331 0)
(1.09309 0.0431037 0)
(1.09668 0.0339663 0)
(1.09942 0.0245019 0)
(1.10126 0.0147983 0)
(1.10219 0.00494909 0)
(1.06163 0.0707672 0)
(1.0674 0.0650457 0)
(1.07273 0.0588013 0)
(1.07756 0.052066 0)
(1.08183 0.0448815 0)
(1.08548 0.0372987 0)
(1.08846 0.029377 0)
(1.09074 0.0211834 0)
(1.09227 0.0127909 0)
(1.09305 0.00427721 0)
(1.05867 0.0617845 0)
(1.06351 0.0567425 0)
(1.06798 0.0512587 0)
(1.07204 0.0453598 0)
(1.07563 0.0390807 0)
(1.0787 0.0324644 0)
(1.08121 0.0255611 0)
(1.08313 0.0184273 0)
(1.08443 0.0111249 0)
(1.08508 0.00371982 0)
(1.05564 0.0541646 0)
(1.05974 0.049721 0)
(1.06354 0.0448972 0)
(1.06699 0.0397163 0)
(1.07004 0.0342083 0)
(1.07266 0.0284099 0)
(1.0748 0.0223644 0)
(1.07643 0.0161204 0)
(1.07753 0.00973132 0)
(1.07809 0.00325369 0)
(1.05262 0.0476783 0)
(1.05614 0.0437572 0)
(1.0594 0.0395044 0)
(1.06237 0.03494 0)
(1.065 0.03009 0)
(1.06725 0.0249868 0)
(1.06909 0.0196679 0)
(1.0705 0.0141758 0)
(1.07145 0.008557 0)
(1.07193 0.00286098 0)
(1.04968 0.0421362 0)
(1.05274 0.0386695 0)
(1.05557 0.0349099 0)
(1.05815 0.0308753 0)
(1.06043 0.0265888 0)
(1.06239 0.0220788 0)
(1.064 0.0173786 0)
(1.06522 0.0125256 0)
(1.06605 0.00756079 0)
(1.06646 0.0025279 0)
(1.04687 0.0373822 0)
(1.04955 0.0343098 0)
(1.05204 0.0309765 0)
(1.0543 0.0273982 0)
(1.0563 0.0235957 0)
(1.05802 0.0195942 0)
(1.05943 0.0154234 0)
(1.06051 0.0111167 0)
(1.06124 0.00671045 0)
(1.0616 0.00224361 0)
(1.0442 0.0332882 0)
(1.04657 0.0305577 0)
(1.04877 0.0275931 0)
(1.05078 0.0244089 0)
(1.05256 0.0210235 0)
(1.05408 0.0174598 0)
(1.05533 0.0137443 0)
(1.05628 0.00990694 0)
(1.05693 0.00598042 0)
(1.05725 0.00199956 0)
(1.04168 0.0297487 0)
(1.0438 0.0273148 0)
(1.04577 0.0246698 0)
(1.04756 0.0218267 0)
(1.04915 0.0188023 0)
(1.05051 0.015617 0)
(1.05163 0.0122948 0)
(1.05248 0.00886276 0)
(1.05306 0.00535035 0)
(1.05335 0.00178894 0)
(1.03932 0.0266765 0)
(1.04123 0.0245004 0)
(1.04301 0.0221331 0)
(1.04462 0.0195863 0)
(1.04605 0.0168751 0)
(1.04728 0.0140183 0)
(1.04828 0.0110374 0)
(1.04905 0.00795703 0)
(1.04957 0.00480383 0)
(1.04983 0.00160625 0)
(1.03711 0.0239998 0)
(1.03885 0.0220482 0)
(1.04046 0.0199227 0)
(1.04192 0.0176339 0)
(1.04322 0.0151958 0)
(1.04433 0.0126251 0)
(1.04525 0.00994171 0)
(1.04594 0.00716776 0)
(1.04642 0.00432759 0)
(1.04665 0.00144705 0)
(1.03506 0.021659 0)
(1.03664 0.0199033 0)
(1.03811 0.017989 0)
(1.03945 0.0159259 0)
(1.04063 0.0137264 0)
(1.04165 0.011406 0)
(1.04248 0.00898283 0)
(1.04312 0.00647702 0)
(1.04355 0.00391079 0)
(1.04377 0.00130772 0)
(1.03314 0.0196048 0)
(1.03459 0.0180204 0)
(1.03594 0.0162911 0)
(1.03717 0.0144257 0)
(1.03826 0.0124356 0)
(1.0392 0.010335 0)
(1.03996 0.00814032 0)
(1.04055 0.00587006 0)
(1.04094 0.00354452 0)
(1.04114 0.00118528 0)
(0.964641 -0.000941442 0)
(0.97169 -0.000674389 0)
(0.976824 -0.0004995 0)
(0.980678 -0.000380213 0)
(0.983645 -0.000296076 0)
(0.985978 -0.00023504 0)
(0.987845 -0.000189691 0)
(0.989363 -0.000155297 0)
(0.990613 -0.000128739 0)
(0.991655 -0.000107908 0)
(0.992532 -9.13391e-05 0)
(0.993279 -7.79958e-05 0)
(0.993918 -6.71299e-05 0)
(0.994471 -5.81922e-05 0)
(0.994951 -5.07732e-05 0)
(0.995372 -4.45636e-05 0)
(0.995742 -3.93267e-05 0)
(0.996069 -3.48792e-05 0)
(0.99636 -3.10778e-05 0)
(0.99662 -2.78094e-05 0)
(0.996853 -2.49837e-05 0)
(0.997063 -2.25281e-05 0)
(0.997252 -2.03842e-05 0)
(0.997424 -1.85038e-05 0)
(0.99758 -1.68478e-05 0)
(0.997722 -1.53837e-05 0)
(0.997853 -1.40844e-05 0)
(0.997972 -1.29274e-05 0)
(0.998081 -1.18937e-05 0)
(0.998182 -1.09674e-05 0)
(0.998276 -1.01348e-05 0)
(0.998362 -9.38439e-06 0)
(0.998442 -8.70628e-06 0)
(0.998516 -8.09196e-06 0)
(0.998585 -7.5341e-06 0)
(0.998649 -7.02636e-06 0)
(0.998709 -6.56324e-06 0)
(0.998765 -6.13995e-06 0)
(0.998818 -5.75228e-06 0)
(0.998867 -5.39658e-06 0)
(0.964791 -0.00281634 0)
(0.971786 -0.00201858 0)
(0.976888 -0.00149572 0)
(0.980723 -0.00113887 0)
(0.983677 -0.000887065 0)
(0.986002 -0.000704329 0)
(0.987863 -0.00056852 0)
(0.989376 -0.000465494 0)
(0.990623 -0.000385928 0)
(0.991663 -0.000323508 0)
(0.992539 -0.000273853 0)
(0.993284 -0.000233861 0)
(0.993923 -0.000201292 0)
(0.994475 -0.000174499 0)
(0.994954 -0.000152258 0)
(0.995374 -0.000133641 0)
(0.995744 -0.00011794 0)
(0.996071 -0.000104605 0)
(0.996362 -9.32063e-05 0)
(0.996622 -8.34056e-05 0)
(0.996854 -7.49321e-05 0)
(0.997064 -6.75685e-05 0)
(0.997253 -6.1139e-05 0)
(0.997425 -5.55e-05 0)
(0.997581 -5.05337e-05 0)
(0.997723 -4.61426e-05 0)
(0.997853 -4.22459e-05 0)
(0.997972 -3.87758e-05 0)
(0.998082 -3.56756e-05 0)
(0.998183 -3.28973e-05 0)
(0.998276 -3.04002e-05 0)
(0.998362 -2.81495e-05 0)
(0.998442 -2.61156e-05 0)
(0.998516 -2.4273e-05 0)
(0.998585 -2.25997e-05 0)
(0.998649 -2.10768e-05 0)
(0.998709 -1.96877e-05 0)
(0.998766 -1.8418e-05 0)
(0.998818 -1.72552e-05 0)
(0.998867 -1.61883e-05 0)
(0.965089 -0.00466744 0)
(0.971978 -0.00334911 0)
(0.977017 -0.00248364 0)
(0.980812 -0.00189226 0)
(0.983741 -0.00147458 0)
(0.986049 -0.00117125 0)
(0.987898 -0.000945691 0)
(0.989403 -0.000774503 0)
(0.990644 -0.000642247 0)
(0.99168 -0.000538459 0)
(0.992553 -0.000455877 0)
(0.993295 -0.00038935 0)
(0.993932 -0.00033516 0)
(0.994482 -0.000290575 0)
(0.994961 -0.000253558 0)
(0.99538 -0.00022257 0)
(0.995748 -0.000196432 0)
(0.996075 -0.000174231 0)
(0.996365 -0.000155253 0)
(0.996624 -0.000138934 0)
(0.996857 -0.000124824 0)
(0.997066 -0.000112561 0)
(0.997255 -0.000101854 0)
(0.997426 -9.24618e-05 0)
(0.997582 -8.41901e-05 0)
(0.997724 -7.68763e-05 0)
(0.997854 -7.03855e-05 0)
(0.997973 -6.46054e-05 0)
(0.998083 -5.94411e-05 0)
(0.998184 -5.48129e-05 0)
(0.998277 -5.06529e-05 0)
(0.998363 -4.69035e-05 0)
(0.998443 -4.35151e-05 0)
(0.998517 -4.04454e-05 0)
(0.998586 -3.76577e-05 0)
(0.99865 -3.51204e-05 0)
(0.99871 -3.2806e-05 0)
(0.998766 -3.06906e-05 0)
(0.998818 -2.87532e-05 0)
(0.998868 -2.69755e-05 0)
(0.96553 -0.00647945 0)
(0.972262 -0.0046571 0)
(0.977208 -0.00345786 0)
(0.980945 -0.00263693 0)
(0.983837 -0.00205633 0)
(0.986119 -0.00163424 0)
(0.987951 -0.00132011 0)
(0.989444 -0.00108154 0)
(0.990676 -0.000897122 0)
(0.991705 -0.000752335 0)
(0.992573 -0.000637084 0)
(0.993311 -0.000544211 0)
(0.993945 -0.000468539 0)
(0.994493 -0.000406265 0)
(0.99497 -0.000354551 0)
(0.995387 -0.000311252 0)
(0.995755 -0.000274724 0)
(0.99608 -0.000243694 0)
(0.99637 -0.000217165 0)
(0.996628 -0.00019435 0)
(0.99686 -0.000174621 0)
(0.997069 -0.000157475 0)
(0.997258 -0.000142501 0)
(0.997429 -0.000129366 0)
(0.997584 -0.000117798 0)
(0.997726 -0.000107568 0)
(0.997856 -9.84889e-05 0)
(0.997975 -9.04035e-05 0)
(0.998084 -8.31792e-05 0)
(0.998185 -7.67046e-05 0)
(0.998278 -7.08847e-05 0)
(0.998364 -6.5639e-05 0)
(0.998443 -6.08983e-05 0)
(0.998517 -5.66033e-05 0)
(0.998586 -5.27028e-05 0)
(0.998651 -4.91526e-05 0)
(0.99871 -4.59142e-05 0)
(0.998766 -4.29541e-05 0)
(0.998819 -4.02431e-05 0)
(0.998868 -3.77555e-05 0)
(0.966109 -0.00823786 0)
(0.972636 -0.00593409 0)
(0.97746 -0.00441315 0)
(0.981121 -0.00336954 0)
(0.983963 -0.0026301 0)
(0.986212 -0.00209179 0)
(0.988021 -0.00169071 0)
(0.989498 -0.00138583 0)
(0.990718 -0.00114999 0)
(0.991738 -0.00096471 0)
(0.992599 -0.000817155 0)
(0.993333 -0.000698197 0)
(0.993963 -0.000601236 0)
(0.994507 -0.000521417 0)
(0.994982 -0.000455116 0)
(0.995398 -0.000399589 0)
(0.995764 -0.000352736 0)
(0.996088 -0.000312927 0)
(0.996376 -0.000278887 0)
(0.996634 -0.000249608 0)
(0.996865 -0.000224287 0)
(0.997073 -0.000202277 0)
(0.997261 -0.000183054 0)
(0.997432 -0.000166191 0)
(0.997587 -0.000151337 0)
(0.997729 -0.000138201 0)
(0.997858 -0.000126542 0)
(0.997977 -0.000116158 0)
(0.998086 -0.000106879 0)
(0.998186 -9.85627e-05 0)
(0.998279 -9.10872e-05 0)
(0.998365 -8.43487e-05 0)
(0.998445 -7.82587e-05 0)
(0.998519 -7.27411e-05 0)
(0.998587 -6.77301e-05 0)
(0.998651 -6.31689e-05 0)
(0.998711 -5.90082e-05 0)
(0.998767 -5.52049e-05 0)
(0.99882 -5.17215e-05 0)
(0.998869 -4.85252e-05 0)
(0.966818 -0.00992927 0)
(0.973096 -0.0071721 0)
(0.977771 -0.00534456 0)
(0.981339 -0.00408687 0)
(0.98412 -0.00319374 0)
(0.986328 -0.00254241 0)
(0.988108 -0.00205645 0)
(0.989564 -0.00168663 0)
(0.99077 -0.00140029 0)
(0.991779 -0.00117517 0)
(0.992632 -0.000995772 0)
(0.99336 -0.000851064 0)
(0.993985 -0.000733061 0)
(0.994526 -0.000635881 0)
(0.994997 -0.000555132 0)
(0.99541 -0.000487484 0)
(0.995775 -0.000430388 0)
(0.996097 -0.000381865 0)
(0.996384 -0.000340366 0)
(0.996641 -0.000304664 0)
(0.996871 -0.000273784 0)
(0.997078 -0.000246937 0)
(0.997266 -0.000223487 0)
(0.997436 -0.000202913 0)
(0.997591 -0.000184788 0)
(0.997732 -0.000168758 0)
(0.997861 -0.000154529 0)
(0.997979 -0.000141855 0)
(0.998088 -0.00013053 0)
(0.998188 -0.000120378 0)
(0.998281 -0.000111252 0)
(0.998367 -0.000103025 0)
(0.998446 -9.55899e-05 0)
(0.99852 -8.8853e-05 0)
(0.998589 -8.27343e-05 0)
(0.998653 -7.71647e-05 0)
(0.998712 -7.20838e-05 0)
(0.998768 -6.74393e-05 0)
(0.99882 -6.31853e-05 0)
(0.998869 -5.92816e-05 0)
(0.967648 -0.0115416 0)
(0.973636 -0.00836379 0)
(0.978137 -0.00624744 0)
(0.981596 -0.00478588 0)
(0.984305 -0.0037452 0)
(0.986465 -0.00298468 0)
(0.988212 -0.00241631 0)
(0.989644 -0.0019832 0)
(0.990832 -0.00164749 0)
(0.991829 -0.00138331 0)
(0.992672 -0.00117263 0)
(0.993392 -0.00100257 0)
(0.994011 -0.000863826 0)
(0.994547 -0.000749509 0)
(0.995015 -0.00065448 0)
(0.995426 -0.000574842 0)
(0.995787 -0.000507604 0)
(0.996108 -0.000450446 0)
(0.996394 -0.000401549 0)
(0.996649 -0.000359475 0)
(0.996878 -0.000323075 0)
(0.997085 -0.000291424 0)
(0.997271 -0.000263773 0)
(0.997441 -0.00023951 0)
(0.997595 -0.000218133 0)
(0.997736 -0.000199223 0)
(0.997864 -0.000182437 0)
(0.997982 -0.000167484 0)
(0.998091 -0.00015412 0)
(0.998191 -0.000142141 0)
(0.998283 -0.000131371 0)
(0.998369 -0.000121661 0)
(0.998448 -0.000112885 0)
(0.998521 -0.000104933 0)
(0.99859 -9.77105e-05 0)
(0.998654 -9.11355e-05 0)
(0.998713 -8.51372e-05 0)
(0.998769 -7.96538e-05 0)
(0.998821 -7.46312e-05 0)
(0.99887 -7.0022e-05 0)
(0.968587 -0.0130643 0)
(0.974251 -0.00950254 0)
(0.978556 -0.00711753 0)
(0.981891 -0.00546374 0)
(0.984519 -0.00428254 0)
(0.986623 -0.00341724 0)
(0.988331 -0.00276933 0)
(0.989736 -0.00227484 0)
(0.990904 -0.00189105 0)
(0.991886 -0.00158873 0)
(0.992718 -0.00134742 0)
(0.993429 -0.00115249 0)
(0.994041 -0.000993349 0)
(0.994573 -0.000862155 0)
(0.995036 -0.000753045 0)
(0.995443 -0.000661567 0)
(0.995803 -0.000584305 0)
(0.996121 -0.000518605 0)
(0.996405 -0.000462384 0)
(0.996658 -0.000413996 0)
(0.996886 -0.000372123 0)
(0.997092 -0.000335706 0)
(0.997278 -0.000303886 0)
(0.997446 -0.00027596 0)
(0.9976 -0.000251351 0)
(0.99774 -0.00022958 0)
(0.997868 -0.000210251 0)
(0.997986 -0.000193031 0)
(0.998094 -0.00017764 0)
(0.998193 -0.000163842 0)
(0.998286 -0.000151435 0)
(0.998371 -0.00014025 0)
(0.99845 -0.000130139 0)
(0.998523 -0.000120976 0)
(0.998592 -0.000112654 0)
(0.998655 -0.000105077 0)
(0.998715 -9.81642e-05 0)
(0.99877 -9.18446e-05 0)
(0.998823 -8.60559e-05 0)
(0.998871 -8.07433e-05 0)
(0.969624 -0.0144886 0)
(0.974936 -0.0105826 0)
(0.979025 -0.00795097 0)
(0.982222 -0.00611783 0)
(0.984759 -0.00480396 0)
(0.986801 -0.00383882 0)
(0.988466 -0.00311458 0)
(0.98984 -0.00256086 0)
(0.990986 -0.00213049 0)
(0.99195 -0.00179106 0)
(0.99277 -0.00151985 0)
(0.993471 -0.00130059 0)
(0.994076 -0.00112145 0)
(0.994601 -0.000973676 0)
(0.99506 -0.000850711 0)
(0.995464 -0.000747568 0)
(0.99582 -0.000660417 0)
(0.996136 -0.00058628 0)
(0.996417 -0.00052282 0)
(0.996669 -0.000468184 0)
(0.996896 -0.000420893 0)
(0.9971 -0.000379754 0)
(0.997285 -0.000343801 0)
(0.997453 -0.000312241 0)
(0.997605 -0.000284424 0)
(0.997745 -0.000259813 0)
(0.997872 -0.000237958 0)
(0.99799 -0.000218485 0)
(0.998097 -0.000201079 0)
(0.998197 -0.000185472 0)
(0.998288 -0.000171438 0)
(0.998373 -0.000158783 0)
(0.998452 -0.000147344 0)
(0.998525 -0.000136976 0)
(0.998594 -0.000127558 0)
(0.998657 -0.000118984 0)
(0.998716 -0.000111161 0)
(0.998772 -0.000104008 0)
(0.998824 -9.74562e-05 0)
(0.998873 -9.14428e-05 0)
(0.970746 -0.0158072 0)
(0.975682 -0.0115989 0)
(0.979539 -0.00874436 0)
(0.982586 -0.00674581 0)
(0.985024 -0.00530779 0)
(0.986998 -0.00424824 0)
(0.988616 -0.00345121 0)
(0.989956 -0.00284064 0)
(0.991076 -0.00236531 0)
(0.992022 -0.00198992 0)
(0.992827 -0.00168964 0)
(0.993518 -0.00144665 0)
(0.994115 -0.00124795 0)
(0.994634 -0.00108393 0)
(0.995087 -0.000947367 0)
(0.995486 -0.000832754 0)
(0.995839 -0.000735866 0)
(0.996152 -0.000653412 0)
(0.996431 -0.000582806 0)
(0.996681 -0.000521998 0)
(0.996906 -0.000469349 0)
(0.997109 -0.000423538 0)
(0.997293 -0.00038349 0)
(0.99746 -0.00034833 0)
(0.997612 -0.000317334 0)
(0.99775 -0.000289904 0)
(0.997877 -0.000265543 0)
(0.997994 -0.000243834 0)
(0.998101 -0.000224425 0)
(0.9982 -0.000207021 0)
(0.998292 -0.000191369 0)
(0.998376 -0.000177255 0)
(0.998455 -0.000164494 0)
(0.998528 -0.000152928 0)
(0.998596 -0.00014242 0)
(0.998659 -0.000132853 0)
(0.998718 -0.000124123 0)
(0.998774 -0.000116141 0)
(0.998825 -0.000108829 0)
(0.998874 -0.000102117 0)
(0.972107 -0.0171678 0)
(0.976594 -0.0126692 0)
(0.980171 -0.00959185 0)
(0.983036 -0.00742363 0)
(0.985353 -0.0058559 0)
(0.987244 -0.00469636 0)
(0.988803 -0.00382144 0)
(0.9901 -0.00314954 0)
(0.99119 -0.00262541 0)
(0.992113 -0.00221078 0)
(0.9929 -0.00187863 0)
(0.993577 -0.00160952 0)
(0.994164 -0.00138925 0)
(0.994674 -0.00120726 0)
(0.995121 -0.0010556 0)
(0.995515 -0.000928248 0)
(0.995863 -0.000820522 0)
(0.996173 -0.000728796 0)
(0.996449 -0.000650215 0)
(0.996697 -0.00058251 0)
(0.99692 -0.000523868 0)
(0.997121 -0.000472825 0)
(0.997303 -0.000428191 0)
(0.997469 -0.000388992 0)
(0.99762 -0.000354428 0)
(0.997757 -0.000323834 0)
(0.997884 -0.000296657 0)
(0.998 -0.000272433 0)
(0.998106 -0.000250773 0)
(0.998205 -0.000231347 0)
(0.998296 -0.000213874 0)
(0.99838 -0.000198115 0)
(0.998458 -0.000183866 0)
(0.998531 -0.000170949 0)
(0.998598 -0.000159213 0)
(0.998662 -0.000148527 0)
(0.99872 -0.000138775 0)
(0.998776 -0.000129857 0)
(0.998827 -0.000121687 0)
(0.998876 -0.000114188 0)
(0.973715 -0.018514 0)
(0.977685 -0.0137573 0)
(0.980932 -0.0104698 0)
(0.983583 -0.00813534 0)
(0.985754 -0.00643729 0)
(0.987544 -0.00517542 0)
(0.989032 -0.0042197 0)
(0.990278 -0.00348349 0)
(0.99133 -0.00290773 0)
(0.992224 -0.00245131 0)
(0.99299 -0.00208503 0)
(0.993651 -0.00178783 0)
(0.994224 -0.00154425 0)
(0.994724 -0.00134278 0)
(0.995163 -0.00117473 0)
(0.99555 -0.00103349 0)
(0.995893 -0.000913927 0)
(0.996198 -0.000812058 0)
(0.996471 -0.000724735 0)
(0.996716 -0.000649461 0)
(0.996936 -0.000584233 0)
(0.997135 -0.000527432 0)
(0.997316 -0.000477745 0)
(0.99748 -0.000434094 0)
(0.997629 -0.000395592 0)
(0.997766 -0.000361503 0)
(0.997891 -0.000331213 0)
(0.998006 -0.000304209 0)
(0.998112 -0.000280058 0)
(0.99821 -0.000258392 0)
(0.998301 -0.000238902 0)
(0.998384 -0.000221321 0)
(0.998462 -0.000205421 0)
(0.998534 -0.000191006 0)
(0.998602 -0.000177907 0)
(0.998665 -0.000165978 0)
(0.998723 -0.000155091 0)
(0.998778 -0.000145134 0)
(0.99883 -0.000136011 0)
(0.998878 -0.000127636 0)
(0.975391 -0.0196725 0)
(0.978835 -0.0147271 0)
(0.981743 -0.0112707 0)
(0.984168 -0.00879551 0)
(0.986186 -0.00698329 0)
(0.987869 -0.0056296 0)
(0.989281 -0.00460009 0)
(0.990471 -0.00380436 0)
(0.991482 -0.00318032 0)
(0.992346 -0.00268448 0)
(0.993089 -0.00228579 0)
(0.993731 -0.00196176 0)
(0.99429 -0.00169581 0)
(0.994779 -0.00147556 0)
(0.995209 -0.00129167 0)
(0.995589 -0.00113695 0)
(0.995926 -0.00100588 0)
(0.996227 -0.000894127 0)
(0.996495 -0.000798268 0)
(0.996737 -0.000715588 0)
(0.996954 -0.000643905 0)
(0.997151 -0.000581456 0)
(0.99733 -0.000526804 0)
(0.997492 -0.000478774 0)
(0.99764 -0.000436394 0)
(0.997776 -0.00039886 0)
(0.9979 -0.0003655 0)
(0.998014 -0.000335751 0)
(0.998119 -0.000309138 0)
(0.998216 -0.000285259 0)
(0.998306 -0.000263773 0)
(0.998389 -0.000244388 0)
(0.998467 -0.000226854 0)
(0.998539 -0.000210955 0)
(0.998606 -0.000196505 0)
(0.998668 -0.000183344 0)
(0.998726 -0.00017133 0)
(0.998781 -0.000160343 0)
(0.998832 -0.000150273 0)
(0.99888 -0.000141029 0)
(0.977109 -0.0206442 0)
(0.980029 -0.0155765 0)
(0.982593 -0.0119922 0)
(0.984787 -0.00940195 0)
(0.986645 -0.00749205 0)
(0.988217 -0.00605743 0)
(0.989548 -0.00496144 0)
(0.99068 -0.00411123 0)
(0.991647 -0.00344245 0)
(0.992478 -0.00290972 0)
(0.993195 -0.00248046 0)
(0.993818 -0.00213094 0)
(0.994362 -0.00184363 0)
(0.994839 -0.00160538 0)
(0.995259 -0.00140621 0)
(0.995631 -0.00123848 0)
(0.995962 -0.00109626 0)
(0.996257 -0.000974893 0)
(0.996522 -0.000870721 0)
(0.99676 -0.000780813 0)
(0.996974 -0.000702821 0)
(0.997169 -0.00063484 0)
(0.997345 -0.00057532 0)
(0.997506 -0.00052299 0)
(0.997652 -0.000476799 0)
(0.997786 -0.000435875 0)
(0.997909 -0.00039949 0)
(0.998023 -0.000367035 0)
(0.998127 -0.000337993 0)
(0.998223 -0.000311929 0)
(0.998312 -0.000288472 0)
(0.998395 -0.000267304 0)
(0.998472 -0.000248153 0)
(0.998543 -0.000230785 0)
(0.99861 -0.000214997 0)
(0.998672 -0.000200615 0)
(0.99873 -0.000187486 0)
(0.998784 -0.000175476 0)
(0.998835 -0.000164468 0)
(0.998883 -0.000154361 0)
(0.978847 -0.0214337 0)
(0.981254 -0.016306 0)
(0.983474 -0.0126331 0)
(0.985433 -0.00995319 0)
(0.987128 -0.0079622 0)
(0.988584 -0.0064577 0)
(0.989831 -0.00530278 0)
(0.990902 -0.00440331 0)
(0.991823 -0.00369348 0)
(0.992619 -0.0031265 0)
(0.99331 -0.0026686 0)
(0.993912 -0.00229504 0)
(0.99444 -0.00198744 0)
(0.994904 -0.00173199 0)
(0.995314 -0.00151818 0)
(0.995677 -0.00133792 0)
(0.996001 -0.00118492 0)
(0.996291 -0.00105425 0)
(0.996551 -0.000942003 0)
(0.996785 -0.000845062 0)
(0.996996 -0.000760915 0)
(0.997188 -0.000687529 0)
(0.997362 -0.000623246 0)
(0.99752 -0.000566702 0)
(0.997665 -0.00051677 0)
(0.997798 -0.000472517 0)
(0.99792 -0.000433158 0)
(0.998032 -0.000398039 0)
(0.998135 -0.000366604 0)
(0.998231 -0.000338386 0)
(0.998319 -0.000312982 0)
(0.998401 -0.000290053 0)
(0.998477 -0.000269305 0)
(0.998548 -0.000250485 0)
(0.998614 -0.000233374 0)
(0.998676 -0.000217784 0)
(0.998734 -0.000203549 0)
(0.998788 -0.000190526 0)
(0.998838 -0.000178589 0)
(0.998886 -0.000167626 0)
(0.980582 -0.0220482 0)
(0.982496 -0.0169175 0)
(0.984377 -0.0131935 0)
(0.986101 -0.0104485 0)
(0.987631 -0.0083928 0)
(0.988968 -0.00682951 0)
(0.990129 -0.0056233 0)
(0.991136 -0.00467993 0)
(0.992009 -0.00393285 0)
(0.992769 -0.00333438 0)
(0.993432 -0.00284985 0)
(0.994012 -0.00245373 0)
(0.994522 -0.00212697 0)
(0.994973 -0.00185519 0)
(0.995372 -0.0016274 0)
(0.995727 -0.00143512 0)
(0.996043 -0.00127175 0)
(0.996327 -0.0011321 0)
(0.996582 -0.00101203 0)
(0.996812 -0.00090826 0)
(0.997019 -0.000818126 0)
(0.997208 -0.000739472 0)
(0.99738 -0.000670536 0)
(0.997536 -0.000609871 0)
(0.997679 -0.000556276 0)
(0.99781 -0.000508756 0)
(0.997931 -0.000466478 0)
(0.998042 -0.00042874 0)
(0.998144 -0.000394951 0)
(0.998239 -0.00036461 0)
(0.998326 -0.00033729 0)
(0.998408 -0.000312624 0)
(0.998483 -0.000290299 0)
(0.998553 -0.000270044 0)
(0.998619 -0.000251626 0)
(0.99868 -0.000234841 0)
(0.998738 -0.000219513 0)
(0.998791 -0.000205487 0)
(0.998842 -0.000192629 0)
(0.998889 -0.000180819 0)
(0.982296 -0.0224974 0)
(0.983741 -0.0174147 0)
(0.985294 -0.0136743 0)
(0.986786 -0.0108877 0)
(0.98815 -0.00878332 0)
(0.989367 -0.00717224 0)
(0.99044 -0.00592239 0)
(0.991381 -0.00494053 0)
(0.992205 -0.00416009 0)
(0.992927 -0.00353295 0)
(0.99356 -0.00302388 0)
(0.994118 -0.00260676 0)
(0.99461 -0.00226201 0)
(0.995046 -0.00197479 0)
(0.995433 -0.00173371 0)
(0.995779 -0.00152996 0)
(0.996088 -0.00135664 0)
(0.996365 -0.00120834 0)
(0.996615 -0.00108072 0)
(0.99684 -0.00097034 0)
(0.997044 -0.000874395 0)
(0.99723 -0.000790617 0)
(0.997399 -0.000717148 0)
(0.997553 -0.000652459 0)
(0.997694 -0.000595283 0)
(0.997824 -0.000544566 0)
(0.997943 -0.000499425 0)
(0.998052 -0.000459117 0)
(0.998153 -0.000423015 0)
(0.998247 -0.000390587 0)
(0.998334 -0.000361379 0)
(0.998414 -0.000335002 0)
(0.998489 -0.000311122 0)
(0.998559 -0.000289452 0)
(0.998624 -0.000269743 0)
(0.998685 -0.000251778 0)
(0.998742 -0.00023537 0)
(0.998795 -0.000220353 0)
(0.998845 -0.000206583 0)
(0.998892 -0.000193935 0)
(0.983973 -0.0227928 0)
(0.984979 -0.0178026 0)
(0.986216 -0.0140775 0)
(0.987481 -0.0112714 0)
(0.988681 -0.00913365 0)
(0.989777 -0.00748553 0)
(0.990761 -0.00619962 0)
(0.991636 -0.00518468 0)
(0.992409 -0.0043748 0)
(0.993092 -0.00372187 0)
(0.993695 -0.00319038 0)
(0.994229 -0.00275386 0)
(0.994702 -0.00239234 0)
(0.995123 -0.00209062 0)
(0.995499 -0.00183696 0)
(0.995834 -0.0016223 0)
(0.996135 -0.00143948 0)
(0.996406 -0.00128288 0)
(0.99665 -0.001148 0)
(0.996871 -0.00103124 0)
(0.997071 -0.000929666 0)
(0.997253 -0.000840917 0)
(0.997419 -0.00076304 0)
(0.997571 -0.000694431 0)
(0.99771 -0.00063376 0)
(0.997838 -0.000579918 0)
(0.997955 -0.000531975 0)
(0.998063 -0.000489148 0)
(0.998164 -0.000450777 0)
(0.998256 -0.0004163 0)
(0.998342 -0.000385236 0)
(0.998422 -0.000357175 0)
(0.998496 -0.000331764 0)
(0.998565 -0.0003087 0)
(0.99863 -0.000287717 0)
(0.99869 -0.000268588 0)
(0.998747 -0.000251112 0)
(0.9988 -0.000235116 0)
(0.998849 -0.000220446 0)
(0.998896 -0.000206968 0)
(0.9856 -0.0229472 0)
(0.9862 -0.0180873 0)
(0.987137 -0.0144058 0)
(0.988182 -0.0116006 0)
(0.98922 -0.00944408 0)
(0.990197 -0.00776927 0)
(0.991092 -0.00645474 0)
(0.991899 -0.0054121 0)
(0.99262 -0.0045767 0)
(0.993263 -0.00390086 0)
(0.993836 -0.00334912 0)
(0.994345 -0.00289483 0)
(0.994799 -0.00251778 0)
(0.995204 -0.0022025 0)
(0.995567 -0.00193703 0)
(0.995892 -0.00171203 0)
(0.996185 -0.00152017 0)
(0.996448 -0.00135564 0)
(0.996687 -0.00121379 0)
(0.996903 -0.00109089 0)
(0.997099 -0.000983886 0)
(0.997277 -0.000890324 0)
(0.997441 -0.000808171 0)
(0.99759 -0.000735752 0)
(0.997727 -0.000671677 0)
(0.997853 -0.000614785 0)
(0.997969 -0.000564104 0)
(0.998075 -0.000518814 0)
(0.998174 -0.00047822 0)
(0.998266 -0.000441732 0)
(0.998351 -0.000408846 0)
(0.99843 -0.00037913 0)
(0.998503 -0.000352214 0)
(0.998572 -0.000327776 0)
(0.998636 -0.000305539 0)
(0.998696 -0.000285261 0)
(0.998752 -0.000266733 0)
(0.998804 -0.000249769 0)
(0.998854 -0.00023421 0)
(0.9989 -0.000219912 0)
(0.987166 -0.022974 0)
(0.987394 -0.0182755 0)
(0.98805 -0.0146625 0)
(0.988884 -0.0118769 0)
(0.989765 -0.0097152 0)
(0.990624 -0.00802361 0)
(0.99143 -0.00668766 0)
(0.992169 -0.00562258 0)
(0.992838 -0.00476555 0)
(0.993441 -0.0040697 0)
(0.993981 -0.00349988 0)
(0.994466 -0.00302947 0)
(0.9949 -0.00263816 0)
(0.995289 -0.00231031 0)
(0.995638 -0.00203377 0)
(0.995953 -0.00179904 0)
(0.996237 -0.00159862 0)
(0.996493 -0.00142655 0)
(0.996725 -0.00127803 0)
(0.996936 -0.00114923 0)
(0.997128 -0.001037 0)
(0.997303 -0.000938795 0)
(0.997463 -0.000852502 0)
(0.99761 -0.000776387 0)
(0.997745 -0.000709003 0)
(0.997868 -0.000649143 0)
(0.997983 -0.000595791 0)
(0.998088 -0.000548094 0)
(0.998186 -0.000505325 0)
(0.998276 -0.000466868 0)
(0.99836 -0.000432195 0)
(0.998438 -0.000400856 0)
(0.998511 -0.00037246 0)
(0.998579 -0.000346672 0)
(0.998642 -0.0003232 0)
(0.998701 -0.000301791 0)
(0.998757 -0.000282225 0)
(0.998809 -0.000264308 0)
(0.998858 -0.00024787 0)
(0.998904 -0.000232763 0)
(0.988661 -0.0228868 0)
(0.988555 -0.0183748 0)
(0.988949 -0.0148516 0)
(0.989583 -0.0121022 0)
(0.990312 -0.00994793 0)
(0.991056 -0.00824891 0)
(0.991773 -0.00689844 0)
(0.992444 -0.00581606 0)
(0.993062 -0.00494122 0)
(0.993623 -0.00422824 0)
(0.994132 -0.00364251 0)
(0.99459 -0.00315764 0)
(0.995004 -0.00275334 0)
(0.995377 -0.00241391 0)
(0.995713 -0.00212709 0)
(0.996016 -0.00188325 0)
(0.996291 -0.00167475 0)
(0.99654 -0.00149552 0)
(0.996766 -0.00134066 0)
(0.996971 -0.00120621 0)
(0.997159 -0.00108897 0)
(0.99733 -0.000986288 0)
(0.997487 -0.000895999 0)
(0.997631 -0.000816306 0)
(0.997763 -0.000745712 0)
(0.997885 -0.000682966 0)
(0.997997 -0.000627014 0)
(0.998101 -0.000576969 0)
(0.998198 -0.000532076 0)
(0.998287 -0.000491693 0)
(0.99837 -0.000455271 0)
(0.998447 -0.000422339 0)
(0.998519 -0.000392491 0)
(0.998586 -0.000365377 0)
(0.998649 -0.000340691 0)
(0.998707 -0.00031817 0)
(0.998762 -0.000297582 0)
(0.998814 -0.000278725 0)
(0.998863 -0.000261421 0)
(0.998908 -0.000245515 0)
(0.99008 -0.0226994 0)
(0.989675 -0.0183929 0)
(0.989829 -0.0149773 0)
(0.990275 -0.0122788 0)
(0.990858 -0.0101434 0)
(0.991489 -0.00844571 0)
(0.99212 -0.00708732 0)
(0.992725 -0.00599258 0)
(0.99329 -0.00510365 0)
(0.99381 -0.00437636 0)
(0.994286 -0.00377689 0)
(0.994719 -0.00327922 0)
(0.995112 -0.00286322 0)
(0.995467 -0.0025132 0)
(0.99579 -0.00221689 0)
(0.996082 -0.00196455 0)
(0.996347 -0.00174848 0)
(0.996588 -0.00156249 0)
(0.996808 -0.00140161 0)
(0.997008 -0.00126179 0)
(0.997191 -0.00113974 0)
(0.997358 -0.00103276 0)
(0.997512 -0.000938626 0)
(0.997653 -0.000855478 0)
(0.997783 -0.000781777 0)
(0.997902 -0.000716231 0)
(0.998013 -0.000657752 0)
(0.998115 -0.000605421 0)
(0.99821 -0.000558456 0)
(0.998298 -0.000516192 0)
(0.99838 -0.00047806 0)
(0.998456 -0.000443569 0)
(0.998527 -0.000412298 0)
(0.998593 -0.000383882 0)
(0.998656 -0.000358005 0)
(0.998714 -0.000334389 0)
(0.998768 -0.000312796 0)
(0.998819 -0.000293014 0)
(0.998867 -0.000274857 0)
(0.998913 -0.000258164 0)
(0.991419 -0.0224249 0)
(0.990751 -0.0183376 0)
(0.990685 -0.0150442 0)
(0.990955 -0.0124093 0)
(0.9914 -0.0103031 0)
(0.991923 -0.00861476 0)
(0.99247 -0.00725462 0)
(0.993008 -0.00615225 0)
(0.993521 -0.00525286 0)
(0.994001 -0.00451402 0)
(0.994444 -0.00390293 0)
(0.994851 -0.0033941 0)
(0.995222 -0.00296768 0)
(0.995561 -0.0026081 0)
(0.995869 -0.00230308 0)
(0.99615 -0.00204288 0)
(0.996406 -0.00181974 0)
(0.996639 -0.00162741 0)
(0.996852 -0.00146083 0)
(0.997046 -0.0013159 0)
(0.997224 -0.00118928 0)
(0.997388 -0.00107819 0)
(0.997538 -0.000980351 0)
(0.997676 -0.000893874 0)
(0.997803 -0.000817172 0)
(0.997921 -0.000748916 0)
(0.998029 -0.000687985 0)
(0.99813 -0.000633432 0)
(0.998223 -0.000584451 0)
(0.99831 -0.000540353 0)
(0.99839 -0.00050055 0)
(0.998466 -0.000464535 0)
(0.998536 -0.000431871 0)
(0.998601 -0.000402179 0)
(0.998663 -0.000375132 0)
(0.99872 -0.000350443 0)
(0.998774 -0.000327862 0)
(0.998825 -0.000307169 0)
(0.998873 -0.000288173 0)
(0.998917 -0.000270705 0)
(0.992675 -0.022076 0)
(0.991779 -0.0182168 0)
(0.991515 -0.0150569 0)
(0.991622 -0.0124965 0)
(0.991936 -0.0104286 0)
(0.992356 -0.00875694 0)
(0.99282 -0.00740084 0)
(0.993294 -0.00629532 0)
(0.993756 -0.00538892 0)
(0.994194 -0.00464123 0)
(0.994605 -0.0040206 0)
(0.994985 -0.00350224 0)
(0.995336 -0.00306667 0)
(0.995657 -0.00269852 0)
(0.995951 -0.0023856 0)
(0.99622 -0.00211818 0)
(0.996466 -0.00188848 0)
(0.996691 -0.00169021 0)
(0.996897 -0.00151827 0)
(0.997086 -0.00136852 0)
(0.997259 -0.00123754 0)
(0.997418 -0.00112252 0)
(0.997565 -0.00102114 0)
(0.9977 -0.000931468 0)
(0.997824 -0.000851873 0)
(0.997939 -0.000780999 0)
(0.998046 -0.000717694 0)
(0.998145 -0.000660986 0)
(0.998237 -0.000610044 0)
(0.998322 -0.00056416 0)
(0.998402 -0.000522728 0)
(0.998476 -0.000485225 0)
(0.998545 -0.000451199 0)
(0.99861 -0.000420259 0)
(0.99867 -0.000392066 0)
(0.998727 -0.000366323 0)
(0.998781 -0.000342772 0)
(0.998831 -0.000321185 0)
(0.998878 -0.000301364 0)
(0.998922 -0.000283132 0)
(0.993848 -0.0216645 0)
(0.992756 -0.018038 0)
(0.992315 -0.0150203 0)
(0.992272 -0.0125432 0)
(0.992463 -0.0105216 0)
(0.992785 -0.00887326 0)
(0.99317 -0.00752653 0)
(0.993581 -0.00642208 0)
(0.993992 -0.00551199 0)
(0.99439 -0.00475802 0)
(0.994769 -0.00412989 0)
(0.995123 -0.00360359 0)
(0.995451 -0.00316014 0)
(0.995755 -0.00278442 0)
(0.996035 -0.00246438 0)
(0.996292 -0.00219038 0)
(0.996528 -0.00195464 0)
(0.996745 -0.00175085 0)
(0.996944 -0.0015739 0)
(0.997126 -0.00141959 0)
(0.997295 -0.00128449 0)
(0.99745 -0.00116573 0)
(0.997592 -0.00106097 0)
(0.997724 -0.000968234 0)
(0.997846 -0.000885859 0)
(0.997959 -0.00081246 0)
(0.998063 -0.000746862 0)
(0.998161 -0.000688065 0)
(0.998251 -0.000635221 0)
(0.998335 -0.000587602 0)
(0.998413 -0.000544584 0)
(0.998486 -0.000505629 0)
(0.998554 -0.000470273 0)
(0.998618 -0.000438113 0)
(0.998678 -0.000408798 0)
(0.998734 -0.000382023 0)
(0.998787 -0.000357521 0)
(0.998837 -0.000335056 0)
(0.998883 -0.000314424 0)
(0.998927 -0.000295441 0)
(0.994937 -0.0212015 0)
(0.99368 -0.0178088 0)
(0.993083 -0.014939 0)
(0.992904 -0.0125525 0)
(0.992981 -0.010584 0)
(0.993208 -0.00896486 0)
(0.993518 -0.00763237 0)
(0.993867 -0.00653292 0)
(0.99423 -0.00562227 0)
(0.994588 -0.00486452 0)
(0.994934 -0.00423083 0)
(0.995262 -0.00369816 0)
(0.995569 -0.00324805 0)
(0.995855 -0.00286575 0)
(0.99612 -0.0025394 0)
(0.996365 -0.00225945 0)
(0.996591 -0.00201817 0)
(0.9968 -0.00180929 0)
(0.996992 -0.00162766 0)
(0.997168 -0.00146909 0)
(0.997331 -0.00133009 0)
(0.997482 -0.0012078 0)
(0.997621 -0.00109982 0)
(0.99775 -0.00100415 0)
(0.997869 -0.000919108 0)
(0.997979 -0.000843281 0)
(0.998082 -0.00077547 0)
(0.998177 -0.000714656 0)
(0.998265 -0.00065997 0)
(0.998348 -0.000610666 0)
(0.998425 -0.000566106 0)
(0.998497 -0.000525738 0)
(0.998564 -0.000489085 0)
(0.998627 -0.000455733 0)
(0.998686 -0.000425322 0)
(0.998742 -0.000397536 0)
(0.998794 -0.000372102 0)
(0.998843 -0.000348777 0)
(0.998889 -0.000327348 0)
(0.998933 -0.000307628 0)
(0.995944 -0.0206969 0)
(0.994551 -0.0175361 0)
(0.993817 -0.0148178 0)
(0.993514 -0.0125273 0)
(0.993486 -0.0106177 0)
(0.993625 -0.00903294 0)
(0.993863 -0.0077191 0)
(0.994153 -0.00662829 0)
(0.994467 -0.00572002 0)
(0.994787 -0.00496084 0)
(0.995101 -0.0043235 0)
(0.995403 -0.00378596 0)
(0.995689 -0.00333041 0)
(0.995957 -0.00294249 0)
(0.996208 -0.0026106 0)
(0.996441 -0.00232534 0)
(0.996656 -0.00207905 0)
(0.996856 -0.00186549 0)
(0.997041 -0.00167954 0)
(0.997211 -0.00151698 0)
(0.997369 -0.00137433 0)
(0.997515 -0.00124869 0)
(0.997651 -0.00113765 0)
(0.997776 -0.00103919 0)
(0.997892 -0.0009516 0)
(0.998 -0.000873444 0)
(0.9981 -0.000803505 0)
(0.998194 -0.000740744 0)
(0.998281 -0.000684276 0)
(0.998362 -0.000633341 0)
(0.998437 -0.000587284 0)
(0.998508 -0.000545542 0)
(0.998575 -0.000507626 0)
(0.998637 -0.000473112 0)
(0.998695 -0.00044163 0)
(0.99875 -0.000412857 0)
(0.998801 -0.00038651 0)
(0.99885 -0.000362341 0)
(0.998895 -0.000340132 0)
(0.998938 -0.000319688 0)
(0.996872 -0.0201599 0)
(0.995368 -0.0172263 0)
(0.994516 -0.0146613 0)
(0.994103 -0.0124708 0)
(0.993977 -0.0106246 0)
(0.994034 -0.00907878 0)
(0.994203 -0.00778753 0)
(0.994437 -0.00670869 0)
(0.994705 -0.00580555 0)
(0.994986 -0.00504717 0)
(0.995269 -0.00440799 0)
(0.995545 -0.00386703 0)
(0.99581 -0.00340722 0)
(0.996061 -0.00301464 0)
(0.996297 -0.00267799 0)
(0.996517 -0.00238804 0)
(0.996723 -0.00213725 0)
(0.996914 -0.00191943 0)
(0.997091 -0.00172949 0)
(0.997256 -0.00156324 0)
(0.997408 -0.00141717 0)
(0.99755 -0.00128839 0)
(0.997681 -0.00117446 0)
(0.997803 -0.00107334 0)
(0.997916 -0.000983317 0)
(0.998021 -0.000902932 0)
(0.99812 -0.000830949 0)
(0.998211 -0.000766315 0)
(0.998296 -0.000708128 0)
(0.998376 -0.000655614 0)
(0.99845 -0.000608107 0)
(0.99852 -0.000565031 0)
(0.998585 -0.000525887 0)
(0.998646 -0.000490241 0)
(0.998704 -0.000457715 0)
(0.998758 -0.000427977 0)
(0.998808 -0.000400739 0)
(0.998856 -0.000375745 0)
(0.998901 -0.00035277 0)
(0.998944 -0.000331617 0)
(0.997723 -0.0195983 0)
(0.996132 -0.0168858 0)
(0.995179 -0.0144736 0)
(0.994668 -0.0123859 0)
(0.994454 -0.0106069 0)
(0.994434 -0.0091037 0)
(0.994539 -0.00783853 0)
(0.994718 -0.00677468 0)
(0.994941 -0.0058792 0)
(0.995186 -0.00512374 0)
(0.995438 -0.00448442 0)
(0.995688 -0.00394145 0)
(0.995932 -0.00347851 0)
(0.996165 -0.0030822 0)
(0.996387 -0.00274154 0)
(0.996595 -0.00244752 0)
(0.99679 -0.00219273 0)
(0.996973 -0.00197108 0)
(0.997143 -0.0017775 0)
(0.997301 -0.00160784 0)
(0.997448 -0.00145859 0)
(0.997585 -0.00132686 0)
(0.997712 -0.00121021 0)
(0.997831 -0.00110658 0)
(0.997941 -0.00101424 0)
(0.998044 -0.00093173 0)
(0.998139 -0.00085779 0)
(0.998229 -0.000791356 0)
(0.998312 -0.000731514 0)
(0.99839 -0.000677476 0)
(0.998463 -0.000628566 0)
(0.998532 -0.000584197 0)
(0.998596 -0.000543861 0)
(0.998656 -0.000507114 0)
(0.998713 -0.000473571 0)
(0.998766 -0.000442893 0)
(0.998816 -0.000414783 0)
(0.998863 -0.000388982 0)
(0.998908 -0.000365259 0)
(0.99895 -0.000343411 0)
(0.998501 -0.0190195 0)
(0.996843 -0.0165199 0)
(0.995806 -0.0142589 0)
(0.995209 -0.0122754 0)
(0.994915 -0.0105664 0)
(0.994825 -0.00910904 0)
(0.994868 -0.00787299 0)
(0.994996 -0.00682684 0)
(0.995176 -0.00594137 0)
(0.995384 -0.00519077 0)
(0.995606 -0.00455295 0)
(0.995832 -0.00400931 0)
(0.996055 -0.00354434 0)
(0.996271 -0.0031452 0)
(0.996478 -0.00280127 0)
(0.996674 -0.00250379 0)
(0.996859 -0.00224551 0)
(0.997032 -0.00202042 0)
(0.997195 -0.00182355 0)
(0.997347 -0.00165076 0)
(0.997488 -0.00149857 0)
(0.997621 -0.0013641 0)
(0.997744 -0.00124489 0)
(0.997859 -0.00113889 0)
(0.997966 -0.00104436 0)
(0.998066 -0.000959823 0)
(0.99816 -0.000884014 0)
(0.998247 -0.000815856 0)
(0.998329 -0.000754422 0)
(0.998405 -0.000698917 0)
(0.998477 -0.000648652 0)
(0.998544 -0.000603032 0)
(0.998607 -0.00056154 0)
(0.998666 -0.000523724 0)
(0.998722 -0.000489191 0)
(0.998775 -0.000457597 0)
(0.998824 -0.000428638 0)
(0.998871 -0.000402049 0)
(0.998914 -0.000377594 0)
(0.998956 -0.000355065 0)
)
;

boundaryField
{
    down
    {
        type            symmetryPlane;
    }
    right
    {
        type            zeroGradient;
    }
    up
    {
        type            symmetryPlane;
    }
    left
    {
        type            uniformFixedValue;
        uniformValue    constant (1 0 0);
        value           uniform (1 0 0);
    }
    cylinder
    {
        type            symmetry;
    }
    defaultFaces
    {
        type            empty;
    }
}


// ************************************************************************* //
