/*--------------------------------*- C++ -*----------------------------------*\
| =========                 |                                                 |
| \\      /  F ield         | OpenFOAM: The Open Source CFD Toolbox           |
|  \\    /   O peration     | Version:  2312                                  |
|   \\  /    A nd           | Website:  www.openfoam.com                      |
|    \\/     M anipulation  |                                                 |
\*---------------------------------------------------------------------------*/
FoamFile
{
    version     2.0;
    format      ascii;
    arch        "LSB;label=32;scalar=64";
    class       volVectorField;
    location    "1.5";
    object      wallShearStress;
}
// * * * * * * * * * * * * * * * * * * * * * * * * * * * * * * * * * * * * * //

dimensions      [0 2 -2 0 0 0 0];

internalField   uniform (0 0 0);

boundaryField
{
    down
    {
        type            symmetry;
    }
    right
    {
        type            calculated;
        value           uniform (0 0 0);
    }
    up
    {
        type            symmetry;
    }
    left
    {
        type            calculated;
        value           uniform (0 0 0);
    }
    cylinder
    {
        type            calculated;
        value           nonuniform List<vector> 
1568
(
(-0.00147163 0.00201691 -3.78432e-06)
(0.00418991 -0.00308683 2.52831e-07)
(0.00755475 -0.00550222 2.58157e-06)
(0.00927999 -0.00609419 3.85049e-06)
(0.0106903 -0.00622179 5.29237e-06)
(0.0113493 -0.00585771 6.25109e-06)
(0.0106709 -0.00485186 5.61641e-06)
(0.00891551 -0.00353424 3.7046e-06)
(0.00632793 -0.00216103 2.86383e-08)
(0.00345091 -0.00100508 -4.95053e-06)
(0.000802328 -0.000278789 -9.88018e-06)
(-0.00279886 0.000205913 -1.55351e-05)
(-0.00781549 0.000416455 -2.31747e-05)
(-0.0134181 0.000135558 -3.31001e-05)
(-0.00148303 0.0020269 -5.15138e-06)
(0.00418116 -0.00307865 1.18898e-07)
(0.00755451 -0.00550127 2.97304e-06)
(0.00928376 -0.00609644 4.4163e-06)
(0.0106946 -0.00622405 6.46454e-06)
(0.0113549 -0.00586019 8.46319e-06)
(0.0106799 -0.00485531 8.13429e-06)
(0.00893021 -0.00353927 3.92465e-06)
(0.00634753 -0.00216714 -5.96168e-06)
(0.00347146 -0.00101029 -1.94823e-05)
(0.000824649 -0.000283021 -3.35041e-05)
(-0.00276678 0.000201966 -4.92143e-05)
(-0.00776833 0.000413188 -6.97608e-05)
(-0.013356 0.000134239 -9.63452e-05)
(-0.00148676 0.00203022 -2.63243e-06)
(0.00417847 -0.0030761 -1.00878e-06)
(0.0075543 -0.00550096 -4.49654e-07)
(0.00928348 -0.00609639 -2.77135e-07)
(0.0106923 -0.00622278 1.02328e-06)
(0.0113531 -0.00585896 3.57036e-06)
(0.0106844 -0.00485658 4.59327e-06)
(0.00894567 -0.00354438 -8.89721e-07)
(0.00637167 -0.00217467 -1.56586e-05)
(0.00349807 -0.00101714 -3.59614e-05)
(0.000854453 -0.000288816 -5.75953e-05)
(-0.00272252 0.000196434 -8.13631e-05)
(-0.00770036 0.00040843 -0.000111689)
(-0.0132636 0.000132243 -0.000150485)
(-0.00148831 0.00203161 -3.77821e-06)
(0.0041769 -0.00307467 -3.21964e-06)
(0.00755328 -0.00550021 -3.25199e-06)
(0.00928092 -0.00609493 -3.39326e-06)
(0.0106869 -0.00621977 -2.17729e-06)
(0.0113489 -0.00585636 8.11873e-07)
(0.0106899 -0.004858 1.98936e-06)
(0.00896623 -0.0035512 -5.03619e-06)
(0.00640349 -0.00218464 -2.3874e-05)
(0.00353315 -0.00102619 -4.92588e-05)
(0.00089356 -0.000296434 -7.62208e-05)
(-0.00266483 0.000189225 -0.000105458)
(-0.00761236 0.000402262 -0.000142571)
(-0.0131448 0.000129684 -0.000189626)
(-0.00148874 0.00203191 -6.29849e-06)
(0.00417641 -0.00307421 -6.08702e-06)
(0.00755323 -0.00550023 -6.27229e-06)
(0.00927908 -0.006094 -6.62619e-06)
(0.0106815 -0.00621679 -5.63396e-06)
(0.0113449 -0.00585379 -2.6622e-06)
(0.0106968 -0.0048599 -1.87445e-06)
(0.00899089 -0.00355944 -1.03239e-05)
(0.00644126 -0.00219656 -3.22304e-05)
(0.00357416 -0.00103676 -6.02471e-05)
(0.000939177 -0.000305329 -9.02402e-05)
(-0.00259793 0.000180877 -0.000122211)
(-0.00751125 0.000395165 -0.000162682)
(-0.0130101 0.000126763 -0.000213657)
(-0.00148874 0.00203182 -8.82678e-06)
(0.00417627 -0.00307407 -8.75297e-06)
(0.00755337 -0.0055004 -8.95875e-06)
(0.00927722 -0.00609308 -9.39117e-06)
(0.0106761 -0.00621373 -8.50055e-06)
(0.0113413 -0.00585136 -5.67683e-06)
(0.010706 -0.00486265 -5.39415e-06)
(0.00901992 -0.00356924 -1.52056e-05)
(0.00648267 -0.00220999 -3.87982e-05)
(0.00361854 -0.00104795 -6.85507e-05)
(0.000989206 -0.00031511 -9.94191e-05)
(-0.00252592 0.000171869 -0.000131991)
(-0.00740404 0.000387598 -0.00017316)
(-0.0128693 0.000123668 -0.000224638)
(-0.00148842 0.00203139 -1.09434e-05)
(0.00417638 -0.00307414 -1.09024e-05)
(0.00755385 -0.00550084 -1.10884e-05)
(0.00927581 -0.00609245 -1.15805e-05)
(0.0106712 -0.00621102 -1.08574e-05)
(0.0113389 -0.00584949 -8.3994e-06)
(0.010717 -0.00486622 -8.84773e-06)
(0.00905064 -0.00357973 -1.95838e-05)
(0.00652736 -0.00222412 -4.32717e-05)
(0.00366542 -0.00106021 -7.44221e-05)
(0.00103967 -0.000324971 -0.000103998)
(-0.00245324 0.00016278 -0.000135293)
(-0.00729715 0.000380018 -0.000174927)
(-0.0127311 0.00012058 -0.000224244)
(-0.00148783 0.00203071 -1.26355e-05)
(0.00417669 -0.00307439 -1.26549e-05)
(0.00755455 -0.00550143 -1.28215e-05)
(0.00927473 -0.00609202 -1.33394e-05)
(0.0106671 -0.00620868 -1.27769e-05)
(0.0113377 -0.00584825 -1.07394e-05)
(0.0107296 -0.00487051 -1.19053e-05)
(0.00908182 -0.00359052 -2.31649e-05)
(0.00657397 -0.00223842 -4.64689e-05)
(0.00371327 -0.00107324 -7.63495e-05)
(0.00108856 -0.000334504 -0.000103709)
(-0.00238249 0.000153931 -0.000132671)
(-0.00719431 0.000372683 -0.00016935)
(-0.0125999 0.000117591 -0.000214781)
(-0.00148698 0.0020298 -1.35725e-05)
(0.0041772 -0.00307481 -1.35661e-05)
(0.00755542 -0.00550215 -1.36591e-05)
(0.00927401 -0.00609181 -1.41502e-05)
(0.0106638 -0.00620682 -1.37594e-05)
(0.011338 -0.00584775 -1.22438e-05)
(0.0107434 -0.00487542 -1.40767e-05)
(0.00911389 -0.0036017 -2.53625e-05)
(0.00661817 -0.00225248 -4.76628e-05)
(0.00375764 -0.00108502 -7.38014e-05)
(0.00113541 -0.000343624 -9.88314e-05)
(-0.0023156 0.000145515 -0.000124341)
(-0.00709871 0.000365808 -0.000156857)
(-0.0124797 0.000114788 -0.000197005)
(-0.00148606 0.00202881 -1.37373e-05)
(0.00417776 -0.00307528 -1.37267e-05)
(0.0075565 -0.005503 -1.3759e-05)
(0.00927388 -0.00609194 -1.41687e-05)
(0.0106617 -0.00620561 -1.39015e-05)
(0.0113396 -0.00584794 -1.281e-05)
(0.0107574 -0.00488056 -1.49103e-05)
(0.00914455 -0.00361248 -2.53974e-05)
(0.00665801 -0.00226541 -4.49782e-05)
(0.00379847 -0.00109555 -6.83268e-05)
(0.00117895 -0.00035229 -8.96604e-05)
(-0.00225585 0.000138017 -0.000110966)
(-0.00701358 0.000359663 -0.000138454)
(-0.0123737 0.000112278 -0.000172369)
(-0.00148502 0.00202771 -1.2885e-05)
(0.00417855 -0.00307597 -1.3021e-05)
(0.0075577 -0.00550395 -1.3076e-05)
(0.00927403 -0.00609222 -1.34962e-05)
(0.0106603 -0.00620479 -1.35354e-05)
(0.0113415 -0.00584841 -1.30055e-05)
(0.0107703 -0.00488534 -1.50895e-05)
(0.00917067 -0.00362174 -2.4037e-05)
(0.00669469 -0.00227675 -4.01034e-05)
(0.00383507 -0.00110558 -5.96128e-05)
(0.00121514 -0.000359456 -7.61109e-05)
(-0.00220493 0.000131634 -9.28296e-05)
(-0.00694167 0.000354447 -0.000114538)
(-0.012285 0.000110142 -0.000141351)
(-0.00148343 0.00202611 -9.92137e-06)
(0.00418019 -0.00307737 -1.09764e-05)
(0.00755977 -0.00550555 -1.14392e-05)
(0.00927541 -0.00609328 -1.19522e-05)
(0.0106604 -0.00620484 -1.22526e-05)
(0.0113439 -0.00584921 -1.20683e-05)
(0.0107808 -0.0048893 -1.36539e-05)
(0.00919214 -0.00362936 -2.04312e-05)
(0.00672314 -0.00228576 -3.25845e-05)
(0.00386297 -0.00111314 -4.63071e-05)
(0.00124381 -0.000365069 -5.84622e-05)
(-0.00216486 0.000126587 -7.04784e-05)
(-0.00688532 0.000350354 -8.60579e-05)
(-0.0122158 0.000108466 -0.000105212)
(-0.00148005 0.002023 -2.53345e-06)
(0.00418279 -0.00307976 -7.35673e-06)
(0.00756082 -0.00550651 -9.97272e-06)
(0.0092751 -0.00609321 -1.15697e-05)
(0.0106591 -0.0062041 -1.29396e-05)
(0.0113444 -0.0058492 -1.32261e-05)
(0.0107875 -0.00489176 -1.33749e-05)
(0.00920622 -0.00363438 -1.69739e-05)
(0.00674128 -0.00229161 -2.40836e-05)
(0.00388115 -0.00111794 -3.17899e-05)
(0.0012627 -0.000368796 -3.91929e-05)
(-0.00213901 0.000123324 -4.65279e-05)
(-0.0068492 0.000347727 -5.54324e-05)
(-0.0121719 0.000107405 -6.61911e-05)
(-0.00146914 0.00201344 1.30136e-06)
(0.00419151 -0.00308787 -2.58988e-06)
(0.00756165 -0.00550788 -4.78025e-06)
(0.00927135 -0.0060911 -6.09115e-06)
(0.0106533 -0.00620098 -7.29509e-06)
(0.0113386 -0.00584626 -7.6915e-06)
(0.0107849 -0.00489051 -7.2956e-06)
(0.00920726 -0.0036348 -8.14368e-06)
(0.00674354 -0.00229245 -1.03183e-05)
(0.00388368 -0.00111868 -1.25271e-05)
(0.00126639 -0.000369619 -1.49044e-05)
(-0.00213323 0.000122491 -1.73642e-05)
(-0.00684031 0.000347008 -2.00005e-05)
(-0.01216 0.000107057 -2.31253e-05)
(0.000750223 -0.00524792 1.40446e-05)
(0.00191402 -0.0154995 1.35803e-05)
(0.00412112 -0.0252289 1.31763e-05)
(0.00701775 -0.0331581 1.26685e-05)
(0.00990031 -0.0377443 1.20085e-05)
(0.0116969 -0.0373205 1.08508e-05)
(0.0113965 -0.0312625 8.72098e-06)
(0.00865202 -0.0209386 5.62311e-06)
(0.00427893 -0.00952672 2.28429e-06)
(4.15246e-06 -0.00068275 -7.23732e-09)
(-0.00290263 0.00402475 -3.78939e-07)
(-0.00504182 0.00646825 -1.45564e-08)
(-0.00688949 0.00803229 -1.56247e-06)
(-0.0062354 0.00691159 -5.04393e-06)
(0.000750697 -0.00524828 1.813e-05)
(0.0019144 -0.0154997 1.79956e-05)
(0.00412139 -0.025228 1.79996e-05)
(0.00701795 -0.0331568 1.78931e-05)
(0.00990086 -0.037744 1.75198e-05)
(0.0116988 -0.0373244 1.63304e-05)
(0.0114009 -0.0312723 1.35637e-05)
(0.00865872 -0.0209529 9.20702e-06)
(0.00428618 -0.00954119 4.27531e-06)
(9.7961e-06 -0.000693062 7.30131e-07)
(-0.00289866 0.00401849 -5.2666e-08)
(-0.00503694 0.00646202 5.97592e-08)
(-0.00688272 0.00802416 -2.43942e-06)
(-0.00623619 0.00691093 -7.02173e-06)
(0.000750648 -0.00524657 6.75309e-06)
(0.00191422 -0.0154973 7.3267e-06)
(0.00412104 -0.0252252 7.90355e-06)
(0.00701749 -0.033154 8.48941e-06)
(0.00990058 -0.0377422 9.05962e-06)
(0.0116993 -0.0373249 9.3101e-06)
(0.0114027 -0.0312763 8.70844e-06)
(0.00866196 -0.0209598 7.02592e-06)
(0.00429019 -0.00954903 4.4869e-06)
(1.33741e-05 -0.000699391 2.23454e-06)
(-0.00289578 0.00401411 1.34407e-06)
(-0.00503366 0.00645777 5.59114e-07)
(-0.00687941 0.00802011 -1.42778e-06)
(-0.00623628 0.0069105 -3.37881e-06)
(0.000750547 -0.00524499 3.54989e-06)
(0.00191403 -0.015496 4.28372e-06)
(0.00412072 -0.0252237 4.96392e-06)
(0.00701695 -0.0331519 5.65743e-06)
(0.00989985 -0.0377396 6.40804e-06)
(0.0116987 -0.0373229 7.0117e-06)
(0.0114029 -0.0312763 7.06931e-06)
(0.00866363 -0.020963 6.20853e-06)
(0.0042934 -0.00955503 4.34662e-06)
(1.70812e-05 -0.000705752 2.36496e-06)
(-0.00289238 0.00400903 1.23717e-06)
(-0.00503 0.00645301 -5.84907e-09)
(-0.0068761 0.00801609 -2.05988e-06)
(-0.00623537 0.00690923 -3.75998e-06)
(0.00075042 -0.00524267 9.32755e-07)
(0.00191376 -0.0154932 1.93525e-06)
(0.00412029 -0.0252208 2.93463e-06)
(0.00701639 -0.0331491 3.89198e-06)
(0.00989929 -0.0377372 4.72289e-06)
(0.0116984 -0.0373217 5.26366e-06)
(0.0114034 -0.0312771 5.27338e-06)
(0.00866544 -0.0209666 4.46617e-06)
(0.00429639 -0.0095607 2.80473e-06)
(2.03456e-05 -0.000711375 9.74188e-07)
(-0.00288936 0.00400451 -3.75843e-07)
(-0.00502671 0.0064487 -1.95294e-06)
(-0.00687305 0.00801237 -4.07054e-06)
(-0.00623401 0.00690752 -5.82108e-06)
(0.000750305 -0.00524037 4.75665e-07)
(0.00191352 -0.0154908 1.50359e-06)
(0.00411994 -0.0252185 2.50028e-06)
(0.00701599 -0.033147 3.38234e-06)
(0.00989895 -0.0377357 4.01676e-06)
(0.0116984 -0.0373212 4.25128e-06)
(0.0114039 -0.0312782 3.93271e-06)
(0.00866698 -0.0209697 2.8916e-06)
(0.00429884 -0.00956537 1.17261e-06)
(2.30344e-05 -0.000715995 -6.52884e-07)
(-0.00288675 0.0040006 -2.12029e-06)
(-0.00502376 0.00644481 -3.8305e-06)
(-0.00687029 0.008009 -6.03697e-06)
(-0.00623259 0.00690578 -7.99795e-06)
(0.000750201 -0.00523806 6.83549e-07)
(0.00191329 -0.0154881 1.68758e-06)
(0.00411962 -0.0252161 2.67631e-06)
(0.00701569 -0.0331452 3.49816e-06)
(0.00989885 -0.037735 3.95397e-06)
(0.0116987 -0.037322 3.84459e-06)
(0.0114051 -0.0312808 3.06149e-06)
(0.00866904 -0.0209741 1.58635e-06)
(0.00430161 -0.00957071 -3.99662e-07)
(2.58383e-05 -0.000720856 -2.33628e-06)
(-0.0028841 0.00399663 -3.85885e-06)
(-0.00502076 0.00644086 -5.51521e-06)
(-0.0068673 0.00800538 -7.70215e-06)
(-0.00623075 0.00690359 -9.85392e-06)
(0.000750116 -0.00523603 9.42027e-07)
(0.0019131 -0.0154858 1.80323e-06)
(0.00411939 -0.0252141 2.65561e-06)
(0.00701554 -0.0331441 3.30103e-06)
(0.00989902 -0.0377352 3.5012e-06)
(0.0116994 -0.0373238 3.03247e-06)
(0.0114065 -0.0312843 1.84383e-06)
(0.0086713 -0.020979 6.62972e-08)
(0.00430433 -0.00957602 -2.00592e-06)
(2.84827e-05 -0.000725451 -3.89312e-06)
(-0.00288161 0.00399288 -5.3866e-06)
(-0.00501789 0.00643707 -6.97323e-06)
(-0.00686433 0.0080018 -9.10075e-06)
(-0.00622874 0.00690123 -1.13377e-05)
(0.000750052 -0.00523443 8.54028e-07)
(0.00191296 -0.015484 1.56318e-06)
(0.00411922 -0.0252125 2.31471e-06)
(0.00701553 -0.0331435 2.86625e-06)
(0.00989942 -0.0377362 2.90907e-06)
(0.0117005 -0.0373267 2.17927e-06)
(0.0114083 -0.0312888 6.60889e-07)
(0.00867368 -0.0209843 -1.36936e-06)
(0.0043069 -0.00958109 -3.49637e-06)
(3.08427e-05 -0.000729566 -5.28615e-06)
(-0.0028794 0.00398955 -6.65186e-06)
(-0.00501529 0.00643365 -7.98676e-06)
(-0.00686151 0.00799842 -9.88419e-06)
(-0.00622661 0.00689878 -1.21425e-05)
(0.000750008 -0.00523324 -1.39994e-07)
(0.00191285 -0.0154823 3.57112e-07)
(0.00411911 -0.0252111 9.10432e-07)
(0.0070156 -0.0331432 1.28227e-06)
(0.00990001 -0.0377378 1.13756e-06)
(0.0117018 -0.0373304 2.46281e-07)
(0.0114104 -0.0312941 -1.32672e-06)
(0.00867625 -0.02099 -3.20873e-06)
(0.00430941 -0.0095861 -4.95204e-06)
(3.2965e-05 -0.000733309 -6.31319e-06)
(-0.00287748 0.00398665 -7.4312e-06)
(-0.005013 0.00643065 -8.51422e-06)
(-0.00685881 0.00799522 -1.01056e-05)
(-0.00622439 0.00689623 -1.22311e-05)
(0.000749992 -0.00523272 -3.36183e-06)
(0.00191281 -0.0154815 -2.89178e-06)
(0.00411911 -0.0252107 -2.28654e-06)
(0.00701584 -0.0331438 -1.83283e-06)
(0.00990072 -0.03774 -1.94019e-06)
(0.0117031 -0.0373343 -2.75066e-06)
(0.0114122 -0.0312987 -4.04602e-06)
(0.00867802 -0.0209941 -5.3826e-06)
(0.00431075 -0.00958888 -6.33046e-06)
(3.3931e-05 -0.000735033 -6.95236e-06)
(-0.00287651 0.00398517 -7.78016e-06)
(-0.00501165 0.00642887 -8.64804e-06)
(-0.00685701 0.0079931 -9.72986e-06)
(-0.00622257 0.0068942 -1.13998e-05)
(0.000749973 -0.00523216 -7.27937e-06)
(0.00191275 -0.0154801 -6.99393e-06)
(0.00411908 -0.0252095 -6.59647e-06)
(0.0070161 -0.033144 -6.25676e-06)
(0.00990155 -0.0377424 -6.23696e-06)
(0.0117045 -0.0373384 -6.52058e-06)
(0.0114138 -0.0313031 -6.75825e-06)
(0.00867926 -0.0209972 -6.6777e-06)
(0.00431105 -0.00958973 -6.21942e-06)
(3.36279e-05 -0.000734599 -5.88423e-06)
(-0.0028767 0.00398542 -6.37565e-06)
(-0.00501154 0.0064287 -7.10472e-06)
(-0.00685633 0.00799232 -7.54879e-06)
(-0.00622114 0.00689264 -8.29684e-06)
(0.000749918 -0.00523254 -1.90774e-05)
(0.00191274 -0.0154806 -1.84464e-05)
(0.00411914 -0.0252102 -1.78552e-05)
(0.00701629 -0.0331452 -1.71456e-05)
(0.0099018 -0.0377437 -1.63738e-05)
(0.0117046 -0.0373389 -1.51277e-05)
(0.0114133 -0.0313022 -1.28021e-05)
(0.00867808 -0.0209948 -9.36308e-06)
(0.00430957 -0.00958682 -5.63997e-06)
(3.25306e-05 -0.000732593 -3.23231e-06)
(-0.00287722 0.00398625 -3.21478e-06)
(-0.00501205 0.00642932 -4.24329e-06)
(-0.00685672 0.00799283 -3.23837e-06)
(-0.00621963 0.00689127 -4.67085e-07)
(0.000749377 -0.00523159 -1.45251e-05)
(0.00191223 -0.0154795 -1.38881e-05)
(0.00411874 -0.0252101 -1.32945e-05)
(0.00701597 -0.0331458 -1.25929e-05)
(0.00990126 -0.0377439 -1.18285e-05)
(0.0117029 -0.0373357 -1.0658e-05)
(0.0114096 -0.0312938 -8.67143e-06)
(0.00867239 -0.0209826 -5.86113e-06)
(0.00430355 -0.00957472 -2.89345e-06)
(2.80905e-05 -0.000724365 -9.58288e-07)
(-0.00287995 0.00399065 -7.95683e-07)
(-0.00501553 0.00643368 -1.44796e-06)
(-0.00686197 0.0079991 -3.58816e-07)
(-0.00621848 0.00689134 2.47221e-06)
(-0.0297525 -0.0279473 -6.65613e-05)
(-0.0317068 -0.0266114 -7.94123e-05)
(-0.0334006 -0.0249915 -8.99895e-05)
(-0.0347916 -0.0231202 -9.82446e-05)
(-0.0358334 -0.0210294 -0.000104052)
(-0.0364661 -0.0187542 -0.000107218)
(-0.0366292 -0.0163299 -0.00010738)
(-0.0362552 -0.0137956 -0.000104865)
(-0.0352622 -0.0112199 -9.91501e-05)
(-0.0335665 -0.00867251 -9.11195e-05)
(-0.0311054 -0.00624236 -8.08447e-05)
(-0.0278032 -0.00402919 -6.9164e-05)
(-0.0237067 -0.00215566 -5.67601e-05)
(-0.0187938 -0.000735459 -4.44939e-05)
(-0.0297884 -0.0279837 -0.000157125)
(-0.0317348 -0.0266367 -0.000197653)
(-0.0334188 -0.0250069 -0.000231351)
(-0.0347987 -0.0231267 -0.000257968)
(-0.0358276 -0.0210278 -0.000277228)
(-0.0364454 -0.0187453 -0.000288309)
(-0.0365937 -0.0163151 -0.000291091)
(-0.0362039 -0.0137771 -0.000285381)
(-0.0351967 -0.0112002 -0.000271469)
(-0.0334902 -0.00865402 -0.000250563)
(-0.0310219 -0.00622673 -0.000223572)
(-0.0277178 -0.00401778 -0.000192519)
(-0.0236245 -0.00214902 -0.000159487)
(-0.0187197 -0.000733317 -0.000126699)
(-0.0298855 -0.0280771 -0.0002143)
(-0.031816 -0.0267072 -0.000278923)
(-0.0334812 -0.025056 -0.000332412)
(-0.0348393 -0.0231562 -0.000374505)
(-0.0358428 -0.0210393 -0.000404966)
(-0.0364329 -0.0187415 -0.00042261)
(-0.0365526 -0.016298 -0.000427823)
(-0.0361345 -0.0137521 -0.000420353)
(-0.0351027 -0.0111721 -0.000401447)
(-0.0333759 -0.00862633 -0.000371763)
(-0.0308946 -0.0062029 -0.000333385)
(-0.0275863 -0.00400027 -0.000289009)
(-0.0234982 -0.00213883 -0.000241647)
(-0.018607 -0.000730066 -0.00019439)
(-0.0300154 -0.0282026 -0.000242708)
(-0.0319232 -0.0268005 -0.000325243)
(-0.0335625 -0.0251202 -0.000393155)
(-0.0348917 -0.0231942 -0.000446337)
(-0.035862 -0.0210543 -0.000484676)
(-0.0364165 -0.0187366 -0.000507318)
(-0.0365012 -0.0162761 -0.000514783)
(-0.0360486 -0.0137215 -0.000507495)
(-0.0349852 -0.0111369 -0.000485782)
(-0.0332325 -0.00859149 -0.000451392)
(-0.0307347 -0.00617287 -0.000406637)
(-0.0274207 -0.00397812 -0.000354596)
(-0.0233383 -0.00212588 -0.000298649)
(-0.0184635 -0.000725905 -0.000242366)
(-0.03018 -0.0283606 -0.000236489)
(-0.0320606 -0.0269191 -0.000331338)
(-0.0336689 -0.0252031 -0.000409137)
(-0.0349636 -0.0232451 -0.0004701)
(-0.035895 -0.021078 -0.000514304)
(-0.0364098 -0.0187363 -0.000541278)
(-0.0364547 -0.016257 -0.000551681)
(-0.0359612 -0.0136903 -0.000545602)
(-0.0348611 -0.0110996 -0.000524315)
(-0.0330795 -0.00855421 -0.000489387)
(-0.030562 -0.00614036 -0.000443187)
(-0.0272396 -0.00395385 -0.000388908)
(-0.0231612 -0.00211153 -0.000330022)
(-0.0183026 -0.000721249 -0.000270202)
(-0.0303579 -0.0285315 -0.000210188)
(-0.0322085 -0.0270469 -0.000311631)
(-0.0337837 -0.0252924 -0.00039481)
(-0.0350425 -0.0233004 -0.000460134)
(-0.0359338 -0.0211043 -0.00050769)
(-0.0364072 -0.0187382 -0.000537524)
(-0.03641 -0.0162386 -0.000550256)
(-0.0358763 -0.0136596 -0.000546269)
(-0.0347401 -0.0110633 -0.0005275)
(-0.0329277 -0.00851721 -0.000494851)
(-0.0303892 -0.00610778 -0.00045066)
(-0.0270569 -0.00392934 -0.000398054)
(-0.0229808 -0.00209691 -0.000340361)
(-0.0181369 -0.00071648 -0.000281159)
(-0.0305496 -0.028715 -0.00016341)
(-0.0323699 -0.0271855 -0.000267621)
(-0.0339112 -0.0253909 -0.000353607)
(-0.0351328 -0.0233632 -0.000421618)
(-0.035984 -0.0211366 -0.000471619)
(-0.0364158 -0.0187457 -0.000503839)
(-0.0363781 -0.0162255 -0.000519557)
(-0.0358049 -0.0136343 -0.000519297)
(-0.0346324 -0.011031 -0.000503903)
(-0.0327894 -0.00848345 -0.000475236)
(-0.0302287 -0.00607752 -0.000435373)
(-0.0268847 -0.00390627 -0.00038712)
(-0.0228086 -0.00208299 -0.00033352)
(-0.0179765 -0.000711911 -0.000277891)
(-0.0307428 -0.0288996 -0.000110271)
(-0.0325345 -0.0273265 -0.000214807)
(-0.0340433 -0.0254925 -0.000301346)
(-0.0352288 -0.0234298 -0.000370157)
(-0.0360409 -0.0211724 -0.000421093)
(-0.0364338 -0.0187563 -0.00045504)
(-0.0363573 -0.0162176 -0.000473052)
(-0.0357453 -0.0136133 -0.00047542)
(-0.0345376 -0.0110025 -0.000463689)
(-0.0326656 -0.00845325 -0.000439482)
(-0.0300836 -0.00605016 -0.000404785)
(-0.0267273 -0.00388518 -0.000362117)
(-0.0226492 -0.00207014 -0.000314129)
(-0.0178263 -0.000707687 -0.000263791)
(-0.0309421 -0.0290895 -5.91563e-05)
(-0.0327047 -0.0274721 -0.000160091)
(-0.0341809 -0.0255979 -0.000243851)
(-0.0353302 -0.0234997 -0.000310688)
(-0.036105 -0.0212122 -0.000360445)
(-0.0364608 -0.0187715 -0.000394601)
(-0.0363458 -0.0162138 -0.000413476)
(-0.0356982 -0.0135966 -0.000417891)
(-0.0344589 -0.010979 -0.00040991)
(-0.0325597 -0.00842746 -0.000390547)
(-0.0299572 -0.00602637 -0.000361561)
(-0.0265884 -0.00386663 -0.000325225)
(-0.0225069 -0.00205873 -0.000283853)
(-0.0176905 -0.000703936 -0.000240036)
(-0.0311268 -0.0292655 -2.10338e-05)
(-0.0328638 -0.0276079 -0.000114152)
(-0.0343104 -0.025697 -0.000191063)
(-0.0354269 -0.0235667 -0.000252208)
(-0.036168 -0.0212513 -0.000297936)
(-0.0364901 -0.0187876 -0.000329425)
(-0.0363414 -0.0162127 -0.000347278)
(-0.0356625 -0.0135842 -0.000353083)
(-0.034395 -0.01096 -0.000347907)
(-0.0324712 -0.00840599 -0.000332798)
(-0.0298501 -0.00600626 -0.000309337)
(-0.0264695 -0.00385078 -0.000279489)
(-0.022384 -0.00204891 -0.000245181)
(-0.017572 -0.00070071 -0.000208562)
(-0.0313005 -0.0294312 1.76908e-05)
(-0.0330107 -0.0277337 -6.54218e-05)
(-0.0344283 -0.0257875 -0.000133705)
(-0.0355143 -0.0236273 -0.0001878)
(-0.0362251 -0.0212868 -0.000228264)
(-0.0365177 -0.0188023 -0.000256367)
(-0.0363407 -0.0162131 -0.000273078)
(-0.0356358 -0.0135751 -0.000279732)
(-0.0343439 -0.0109449 -0.000277013)
(-0.0323995 -0.00838863 -0.000266141)
(-0.0297628 -0.00598989 -0.000248422)
(-0.026372 -0.00383782 -0.000225413)
(-0.0222825 -0.00204084 -0.000198659)
(-0.0174735 -0.000698065 -0.000169905)
(-0.0314525 -0.0295758 2.8116e-05)
(-0.0331398 -0.0278441 -3.24426e-05)
(-0.0345328 -0.0258675 -8.32568e-05)
(-0.0355925 -0.0236814 -0.000124327)
(-0.0362778 -0.0213192 -0.000155693)
(-0.0365462 -0.0188174 -0.000178168)
(-0.0363458 -0.0162161 -0.000192386)
(-0.0356187 -0.0135694 -0.000198962)
(-0.0343071 -0.0109341 -0.000198479)
(-0.0323462 -0.00837578 -0.000191932)
(-0.0296966 -0.00597754 -0.000180224)
(-0.0262973 -0.00382792 -0.000164457)
(-0.0222042 -0.00203464 -0.000145791)
(-0.0173971 -0.000696028 -0.000125504)
(-0.031538 -0.0296568 2.57133e-05)
(-0.0332176 -0.0279099 -8.03271e-06)
(-0.0345999 -0.0259182 -3.78999e-05)
(-0.0356464 -0.023718 -6.3082e-05)
(-0.0363174 -0.0213431 -8.32288e-05)
(-0.036571 -0.0188303 -9.83262e-05)
(-0.0363555 -0.0162208 -0.000108487)
(-0.0356139 -0.0135681 -0.000114018)
(-0.0342889 -0.0109288 -0.00011528)
(-0.0323164 -0.0083686 -0.000112717)
(-0.0296576 -0.00597025 -0.000106976)
(-0.0262519 -0.00382191 -9.8696e-05)
(-0.0221557 -0.00203079 -8.86108e-05)
(-0.0173491 -0.000694743 -7.74784e-05)
(-0.0315875 -0.0297028 1.65634e-05)
(-0.0332663 -0.0279506 4.95318e-06)
(-0.0346451 -0.0259519 -5.75181e-06)
(-0.0356858 -0.0237442 -1.50374e-05)
(-0.0363495 -0.0213622 -2.2689e-05)
(-0.0365953 -0.0188429 -2.85745e-05)
(-0.0363718 -0.0162282 -3.27489e-05)
(-0.0356226 -0.0135716 -3.52574e-05)
(-0.0342906 -0.0109295 -3.62943e-05)
(-0.0323122 -0.00836772 -3.59918e-05)
(-0.0296487 -0.0059687 -3.4623e-05)
(-0.0262399 -0.00382039 -3.23885e-05)
(-0.0221422 -0.00202979 -2.9553e-05)
(-0.0173356 -0.000694451 -2.63862e-05)
(-0.000393199 -0.00636159 0.000102929)
(-0.00107011 -0.0101813 0.000121391)
(-0.00215585 -0.0137975 0.000132344)
(-0.00361408 -0.0171335 0.00013512)
(-0.00540246 -0.0201467 0.000130017)
(-0.00747372 -0.0228017 0.000117934)
(-0.00977521 -0.0250656 0.000100357)
(-0.01225 -0.0269108 7.89326e-05)
(-0.0148395 -0.0283202 5.54159e-05)
(-0.0174859 -0.029288 3.12739e-05)
(-0.0201335 -0.029819 7.80758e-06)
(-0.0227301 -0.029927 -1.41593e-05)
(-0.0252275 -0.0296328 -3.3988e-05)
(-0.0275815 -0.0289628 -5.14846e-05)
(-0.000390086 -0.00625326 0.000366214)
(-0.00106464 -0.0101073 0.000416478)
(-0.00215232 -0.0137638 0.000444868)
(-0.00361681 -0.0171403 0.00044975)
(-0.00541487 -0.0201899 0.000432155)
(-0.00749765 -0.0228738 0.000394865)
(-0.00981071 -0.0251573 0.000342171)
(-0.0122955 -0.0270126 0.000278783)
(-0.0148922 -0.0284234 0.000209534)
(-0.0175425 -0.0293858 0.000138523)
(-0.0201906 -0.0299069 6.91452e-05)
(-0.0227847 -0.0300022 3.71147e-06)
(-0.025277 -0.0296944 -5.62464e-05)
(-0.0276246 -0.0290114 -0.000109959)
(-0.000386448 -0.00606444 0.000734428)
(-0.00105756 -0.00998683 0.00079653)
(-0.0021501 -0.0137204 0.000824137)
(-0.00362763 -0.0171736 0.000815548)
(-0.00544501 -0.0202912 0.000772894)
(-0.00755046 -0.0230285 0.000701141)
(-0.00988634 -0.0253481 0.000607138)
(-0.0123912 -0.0272222 0.000498422)
(-0.0150034 -0.0286364 0.000382298)
(-0.0176635 -0.0295903 0.000265032)
(-0.0203157 -0.0300945 0.000151515)
(-0.0229084 -0.030168 4.51821e-05)
(-0.0253954 -0.0298365 -5.18726e-05)
(-0.0277336 -0.0291293 -0.000138516)
(-0.000385979 -0.00587103 0.00117249)
(-0.00105582 -0.00989273 0.00122543)
(-0.00215862 -0.0137327 0.00123338)
(-0.00365717 -0.0172885 0.00119555)
(-0.00550335 -0.020494 0.00111578)
(-0.00764113 -0.0232974 0.00100139)
(-0.0100084 -0.0256583 0.000861705)
(-0.0125398 -0.0275492 0.000706729)
(-0.0151712 -0.0289594 0.000545689)
(-0.0178421 -0.0298934 0.000386325)
(-0.0204966 -0.0303673 0.000234427)
(-0.0230844 -0.0304049 9.39012e-05)
(-0.02556 -0.0300354 -3.30171e-05)
(-0.0278821 -0.0292911 -0.0001453)
(-0.000390298 -0.00570739 0.00158317)
(-0.00106243 -0.00985395 0.00161663)
(-0.00218144 -0.0138229 0.00159713)
(-0.00370848 -0.0174985 0.00152543)
(-0.0055913 -0.0208027 0.00140762)
(-0.00776855 -0.0236761 0.00125335)
(-0.0101727 -0.0260758 0.00107408)
(-0.0127342 -0.0279766 0.000881548)
(-0.0153865 -0.0293729 0.000686038)
(-0.018068 -0.030276 0.000495811)
(-0.0207235 -0.0307083 0.000316763)
(-0.0233041 -0.0306994 0.00015263)
(-0.0257657 -0.0302827 5.35041e-06)
(-0.0280687 -0.029493 -0.000124334)
(-0.000399714 -0.00559748 0.00187564)
(-0.00107812 -0.00988683 0.00189042)
(-0.00221872 -0.0139985 0.00184686)
(-0.00377994 -0.0178017 0.00174783)
(-0.00570446 -0.0212054 0.00160162)
(-0.00792479 -0.0241443 0.00141986)
(-0.0103677 -0.0265742 0.00121524)
(-0.0129595 -0.028474 0.00100024)
(-0.0156314 -0.0298453 0.000785145)
(-0.0183215 -0.0307068 0.000578017)
(-0.0209756 -0.0310882 0.000384299)
(-0.023546 -0.0310247 0.000207448)
(-0.0259908 -0.0305539 4.91277e-05)
(-0.0282714 -0.029713 -9.00497e-05)
(-0.000413685 -0.00552046 0.00187602)
(-0.00110065 -0.00996309 0.00189827)
(-0.00226561 -0.0142252 0.00185852)
(-0.00386351 -0.0181573 0.00176218)
(-0.00583128 -0.0216571 0.00161944)
(-0.0080952 -0.0246549 0.0014428)
(-0.0105765 -0.0271077 0.00124474)
(-0.0131981 -0.0290003 0.0010368)
(-0.0158892 -0.0303417 0.000828155)
(-0.0185879 -0.0311585 0.000625936)
(-0.0212407 -0.0314869 0.000435171)
(-0.0238014 -0.0313673 0.00025928)
(-0.0262296 -0.0308409 0.000100271)
(-0.0284891 -0.0299462 -4.07677e-05)
(-0.000422525 -0.0053664 0.00160762)
(-0.0011144 -0.00996801 0.00167232)
(-0.00229991 -0.0143839 0.00167237)
(-0.00393012 -0.0184433 0.00161472)
(-0.00593646 -0.0220363 0.00151019)
(-0.00823981 -0.0250922 0.00137043)
(-0.0107571 -0.0275719 0.00120616)
(-0.0134084 -0.0294658 0.00102716)
(-0.0161213 -0.0307895 0.000841462)
(-0.0188332 -0.0315746 0.000656044)
(-0.0214904 -0.0318622 0.000476464)
(-0.0240472 -0.0316964 0.0003073)
(-0.0264637 -0.0311216 0.000151759)
(-0.0287058 -0.0301779 1.21347e-05)
(-0.000426075 -0.0050683 0.00118687)
(-0.00111606 -0.00983396 0.00129211)
(-0.00231558 -0.0144105 0.00134273)
(-0.00397245 -0.018605 0.00134285)
(-0.0060135 -0.0223023 0.0012988)
(-0.00835532 -0.0254331 0.00121732)
(-0.0109109 -0.0279606 0.00110513)
(-0.0135972 -0.0298782 0.000969376)
(-0.0163389 -0.0312045 0.000817505)
(-0.0190711 -0.0319744 0.000657121)
(-0.0217386 -0.0322326 0.000495437)
(-0.0242957 -0.0320273 0.00033873)
(-0.026703 -0.0314073 0.000191942)
(-0.0289288 -0.0304149 5.85622e-05)
(-0.000418073 -0.00473253 0.000804731)
(-0.00109887 -0.00960284 0.000937198)
(-0.00230113 -0.0142904 0.00103223)
(-0.00397249 -0.0185912 0.00108667)
(-0.00603849 -0.022387 0.00109937)
(-0.00841348 -0.0256046 0.00107076)
(-0.0110073 -0.0282034 0.00100375)
(-0.0137324 -0.0301727 0.000903808)
(-0.0165092 -0.0315287 0.00077912)
(-0.0192688 -0.0323064 0.000638867)
(-0.0219537 -0.0325532 0.000492556)
(-0.024517 -0.0323219 0.000348107)
(-0.0269201 -0.0316664 0.000211909)
(-0.0291338 -0.0306327 8.79828e-05)
(-0.000408387 -0.00434238 0.000602321)
(-0.0010756 -0.00928397 0.000747291)
(-0.00227514 -0.0140664 0.000864618)
(-0.00395721 -0.0184772 0.000945614)
(-0.00604767 -0.0223889 0.000984957)
(-0.00845889 -0.025718 0.000980667)
(-0.0110962 -0.0284129 0.000934544)
(-0.0138659 -0.0304535 0.000852389)
(-0.0166819 -0.0318511 0.000742959)
(-0.0194704 -0.032641 0.000616609)
(-0.0221712 -0.0328755 0.000483301)
(-0.0247375 -0.0326146 0.000351596)
(-0.0271323 -0.0319197 0.000227697)
(-0.0293302 -0.0308416 0.000115669)
(-0.000401427 -0.00397429 0.000325509)
(-0.00105513 -0.00896698 0.000437942)
(-0.00225038 -0.0138292 0.000534319)
(-0.00394059 -0.0183406 0.000605975)
(-0.00605211 -0.0223612 0.0006475)
(-0.00849529 -0.0257955 0.000656793)
(-0.011171 -0.0285803 0.000635053)
(-0.01398 -0.0306874 0.000586761)
(-0.0168306 -0.032124 0.000518278)
(-0.0196444 -0.0329266 0.000436911)
(-0.0223595 -0.033152 0.000349245)
(-0.0249289 -0.0328668 0.000261004)
(-0.0273171 -0.0321387 0.000176262)
(-0.0295015 -0.0310231 9.80457e-05)
(-0.000392779 -0.0037621 4.4571e-05)
(-0.0010371 -0.00877171 9.74665e-05)
(-0.00222689 -0.013665 0.000147152)
(-0.00391787 -0.0182226 0.00018958)
(-0.00603702 -0.0222972 0.000221602)
(-0.00849384 -0.0257858 0.000241421)
(-0.0111871 -0.0286184 0.000248447)
(-0.0140147 -0.0307623 0.000243442)
(-0.0168827 -0.0322235 0.000227904)
(-0.0197115 -0.0330395 0.000203789)
(-0.0224381 -0.0332692 0.00017308)
(-0.0250152 -0.0329814 0.000137918)
(-0.027407 -0.0322455 0.000100312)
(-0.0295913 -0.031118 6.23439e-05)
(-0.000386638 -0.00370366 -2.23613e-05)
(-0.00102651 -0.00870718 -1.05681e-05)
(-0.0022115 -0.0135948 2.15705e-06)
(-0.00389813 -0.0181503 1.54101e-05)
(-0.00601424 -0.0222279 2.83619e-05)
(-0.00847028 -0.0257248 4.02324e-05)
(-0.0111658 -0.0285708 5.01096e-05)
(-0.0139993 -0.0307322 5.72073e-05)
(-0.0168766 -0.0322132 6.08659e-05)
(-0.0197173 -0.0330489 6.07315e-05)
(-0.0224568 -0.0332958 5.68045e-05)
(-0.025046 -0.0330205 4.95792e-05)
(-0.0274476 -0.0322917 3.97911e-05)
(-0.0296381 -0.0311664 2.84867e-05)
(-0.028812 0.030138 -5.20278e-05)
(-0.025663 0.0300225 -5.80598e-05)
(-0.0224743 0.0294648 -6.49111e-05)
(-0.0193133 0.0284732 -7.14093e-05)
(-0.0162303 0.0270423 -7.6298e-05)
(-0.0132698 0.0251614 -7.81754e-05)
(-0.0104794 0.0228259 -7.56587e-05)
(-0.00791431 0.0200511 -6.75285e-05)
(-0.00563344 0.0168734 -5.34537e-05)
(-0.00369312 0.0133481 -3.34853e-05)
(-0.0021426 0.00954557 -8.08942e-06)
(-0.0010205 0.0055591 2.09847e-05)
(-0.000354546 0.0015451 5.13542e-05)
(-0.000148462 -0.00242857 7.85219e-05)
(-0.0287979 0.0301211 -0.000103604)
(-0.0256419 0.0299967 -0.000119794)
(-0.0224503 0.0294334 -0.000139146)
(-0.0192908 0.0284416 -0.000157507)
(-0.0162133 0.0270175 -0.00017065)
(-0.0132612 0.0251512 -0.000173837)
(-0.0104809 0.0228383 -0.000163313)
(-0.00792549 0.020092 -0.000136229)
(-0.00565172 0.0169453 -9.13123e-05)
(-0.00371522 0.0134512 -2.9156e-05)
(-0.0021645 0.00967521 4.7046e-05)
(-0.00103813 0.00570492 0.000132521)
(-0.000364998 0.0016889 0.000220134)
(-0.000150995 -0.00229852 0.000298111)
(-0.0287986 0.0301105 -0.000315111)
(-0.0256242 0.0299663 -0.000302013)
(-0.0224225 0.0293903 -0.000286883)
(-0.019263 0.0283978 -0.000267779)
(-0.0161946 0.0269885 -0.00024108)
(-0.0132583 0.0251534 -0.000201966)
(-0.0104962 0.0228853 -0.000146166)
(-0.00795748 0.0201942 -7.04914e-05)
(-0.00569632 0.0171077 2.55557e-05)
(-0.00376458 0.0136683 0.000139929)
(-0.0022104 0.00993412 0.000267175)
(-0.00107406 0.00598597 0.000400519)
(-0.000386536 0.00195969 0.000530426)
(-0.000157474 -0.00206092 0.000642535)
(-0.0288418 0.0301609 -0.000665042)
(-0.0256899 0.0300468 -0.00060049)
(-0.0224993 0.0294939 -0.000515847)
(-0.0193454 0.0285232 -0.000416023)
(-0.0162819 0.0271401 -0.000302955)
(-0.0133512 0.0253395 -0.000176633)
(-0.0105949 0.0231154 -3.62069e-05)
(-0.0080594 0.0204728 0.000118419)
(-0.00579521 0.0174316 0.000284667)
(-0.00385381 0.0140278 0.000458151)
(-0.00228352 0.0103126 0.000632666)
(-0.00112665 0.00636067 0.000800878)
(-0.000417053 0.00229727 0.00095377)
(-0.000168577 -0.00178637 0.00107893)
(-0.0288874 0.0302241 -0.000908378)
(-0.0258049 0.0301945 -0.000815215)
(-0.0226601 0.029716 -0.000679263)
(-0.0195326 0.0288093 -0.000509712)
(-0.0164812 0.0274824 -0.000314543)
(-0.0135522 0.025732 -0.000100424)
(-0.0107891 0.0235518 0.000126903)
(-0.00823868 0.0209434 0.00036072)
(-0.00595237 0.0179226 0.000593809)
(-0.00398291 0.0145211 0.000818803)
(-0.00238122 0.0107879 0.00102871)
(-0.00119272 0.00679543 0.00121726)
(-0.000454337 0.00266248 0.00137761)
(-0.000183992 -0.00151345 0.00150076)
(-0.0289261 0.0302878 -0.00101932)
(-0.0259519 0.0303884 -0.000918356)
(-0.0228884 0.0300348 -0.000756314)
(-0.0198125 0.0292389 -0.000542794)
(-0.0167852 0.0280033 -0.000289355)
(-0.0138571 0.0263222 -8.86926e-06)
(-0.0110756 0.0241856 0.000285091)
(-0.00849153 0.0215918 0.000578745)
(-0.00616179 0.0185566 0.00085915)
(-0.00414488 0.0151152 0.00111612)
(-0.00249696 0.0113215 0.00134351)
(-0.00126737 0.0072508 0.00153725)
(-0.00049562 0.00301845 0.00169371)
(-0.000202606 -0.00127365 0.00180681)
(-0.0289477 0.0303343 -0.000984641)
(-0.0260993 0.0305848 -0.000905098)
(-0.0231401 0.0303873 -0.00076166)
(-0.0201383 0.0297384 -0.000561566)
(-0.0171509 0.0286271 -0.00031625)
(-0.0142286 0.0270348 -4.02926e-05)
(-0.0114231 0.0249432 0.000250281)
(-0.00879314 0.0223485 0.000540406)
(-0.00640478 0.0192702 0.00081766)
(-0.00432691 0.0157562 0.00107389)
(-0.00262331 0.0118729 0.00130503)
(-0.0013473 0.00770148 0.00150734)
(-0.000540059 0.00335421 0.00167442)
(-0.000224087 -0.00106105 0.00179693)
(-0.0289295 0.030334 -0.000876734)
(-0.0261892 0.0307094 -0.000844564)
(-0.0233232 0.0306461 -0.000763098)
(-0.0203899 0.0301259 -0.000636667)
(-0.0174412 0.0291237 -0.00047285)
(-0.0145279 0.0276106 -0.000280895)
(-0.0117062 0.0255641 -6.92052e-05)
(-0.00904286 0.0229827 0.000155748)
(-0.00661248 0.0198949 0.000390431)
(-0.00449061 0.0163567 0.000631351)
(-0.00274435 0.012436 0.000874457)
(-0.00142843 0.00820466 0.00110937)
(-0.000586057 0.00376111 0.0013192)
(-0.000243899 -0.000771491 0.00148416)
(-0.0288509 0.0302621 -0.000744514)
(-0.026181 0.0307112 -0.000766253)
(-0.0233773 0.0307289 -0.000757815)
(-0.0204925 0.0302893 -0.000719469)
(-0.0175767 0.0293623 -0.000652337)
(-0.0146825 0.0279189 -0.000556655)
(-0.0118699 0.0259406 -0.000431162)
(-0.00920894 0.0234318 -0.000273634)
(-0.00677423 0.0204189 -8.32961e-05)
(-0.00463865 0.0169479 0.000137336)
(-0.00286896 0.0130684 0.00037785)
(-0.00151961 0.00882644 0.000621674)
(-0.000639837 0.00430481 0.000847398)
(-0.000265188 -0.000340117 0.00103325)
(-0.0287145 0.0301241 -0.000588141)
(-0.026083 0.0306031 -0.000641128)
(-0.0233181 0.0306602 -0.000676966)
(-0.020471 0.0302695 -0.000692869)
(-0.0175916 0.0294034 -0.000685531)
(-0.0147326 0.0280365 -0.000650202)
(-0.0119528 0.0261519 -0.000581542)
(-0.0093178 0.0237475 -0.000475026)
(-0.00689761 0.02084 -0.000330438)
(-0.00476196 0.0174555 -0.000151789)
(-0.00297385 0.0136208 4.98589e-05)
(-0.00159542 0.00937471 0.000260347)
(-0.000682138 0.00479697 0.000463245)
(-0.000277503 7.74439e-05 0.000642876)
(-0.0285811 0.0299851 -0.000421374)
(-0.0259721 0.0304754 -0.000481053)
(-0.0232337 0.0305532 -0.000530589)
(-0.020416 0.0301946 -0.000566244)
(-0.0175687 0.0293749 -0.000583517)
(-0.0147435 0.0280715 -0.000577125)
(-0.0119967 0.0262679 -0.000541673)
(-0.00938952 0.0239573 -0.000473008)
(-0.00698678 0.0211437 -0.000370067)
(-0.00485463 0.0178411 -0.000236725)
(-0.00305807 0.0140673 -7.90737e-05)
(-0.00165965 0.00984979 9.35574e-05)
(-0.000720607 0.00526417 0.000270335)
(-0.000290138 0.000513585 0.000440139)
(-0.0284584 0.0298558 -0.000273264)
(-0.0258619 0.030347 -0.000326641)
(-0.0231419 0.0304351 -0.000374524)
(-0.020348 0.0300988 -0.00041343)
(-0.0175289 0.0293159 -0.000439416)
(-0.0147345 0.0280655 -0.000448238)
(-0.0120181 0.0263301 -0.000435943)
(-0.00943689 0.0240982 -0.000399863)
(-0.00705167 0.0213655 -0.000339336)
(-0.00492613 0.0181363 -0.000256389)
(-0.00312489 0.0144201 -0.00015516)
(-0.00171305 0.0102391 -4.07413e-05)
(-0.00075462 0.00566629 8.12307e-05)
(-0.00030341 0.000907616 0.000203715)
(-0.0283723 0.0297638 -0.000138132)
(-0.0257812 0.0302516 -0.000174019)
(-0.0230713 0.0303426 -0.000207416)
(-0.0202916 0.0300171 -0.000236187)
(-0.0174898 0.029254 -0.000257972)
(-0.0147145 0.0280328 -0.000270554)
(-0.0120166 0.0263347 -0.000272008)
(-0.00945111 0.0241454 -0.000261364)
(-0.00707674 0.0214563 -0.000238679)
(-0.00495607 0.0182671 -0.000205391)
(-0.0031539 0.0145847 -0.000163546)
(-0.00173639 0.0104311 -0.000115669)
(-0.000768991 0.00587529 -6.39361e-05)
(-0.000306802 0.00112386 -1.07139e-05)
(-0.0283308 0.0297186 -3.79703e-05)
(-0.0257413 0.0302036 -5.06972e-05)
(-0.0230357 0.0302952 -6.26677e-05)
(-0.0202626 0.0299741 -7.31669e-05)
(-0.0174689 0.0292197 -8.13971e-05)
(-0.0147022 0.0280111 -8.67256e-05)
(-0.0120126 0.0263285 -8.86078e-05)
(-0.00945366 0.0241557 -8.69567e-05)
(-0.0070834 0.0214817 -8.19424e-05)
(-0.00496418 0.0183046 -7.4295e-05)
(-0.00316112 0.0146299 -6.47281e-05)
(-0.00174103 0.0104791 -5.44187e-05)
(-0.000770066 0.0059256 -4.41532e-05)
(-0.000304873 0.00117768 -3.36456e-05)
(-0.0178073 0.000729698 9.38955e-06)
(-0.0232067 0.00214342 4.9859e-06)
(-0.0279938 0.00408753 -8.61815e-07)
(-0.0320512 0.00646078 -8.07311e-06)
(-0.0353268 0.00915196 -1.62616e-05)
(-0.0378185 0.012052 -2.47429e-05)
(-0.0395265 0.0150498 -3.2706e-05)
(-0.0404623 0.0180369 -3.91807e-05)
(-0.0406394 0.0209026 -4.35502e-05)
(-0.0400832 0.023516 -4.55236e-05)
(-0.0388353 0.0257786 -4.5762e-05)
(-0.036967 0.0276112 -4.52652e-05)
(-0.0345888 0.0289539 -4.55987e-05)
(-0.0318277 0.0297901 -4.76904e-05)
(-0.0177929 0.000729037 3.38164e-05)
(-0.0231828 0.00214123 2.49033e-05)
(-0.0279602 0.00408275 1.1939e-05)
(-0.0320092 0.00645257 -4.94212e-06)
(-0.0352795 0.00914019 -2.47299e-05)
(-0.0377707 0.0120374 -4.57771e-05)
(-0.039484 0.0150344 -6.5695e-05)
(-0.0404303 0.0180233 -8.19488e-05)
(-0.0406212 0.0208938 -9.25168e-05)
(-0.0400785 0.0235138 -9.65128e-05)
(-0.0388402 0.0257817 -9.52278e-05)
(-0.0369748 0.0276161 -9.1623e-05)
(-0.0345928 0.028955 -8.98485e-05)
(-0.031823 0.0297833 -9.32725e-05)
(-0.0178013 0.000728756 6.46922e-05)
(-0.0231756 0.00214002 5.42621e-05)
(-0.0279352 0.00407872 3.56561e-05)
(-0.0319679 0.00644407 7.77775e-06)
(-0.0352265 0.0091265 -2.94812e-05)
(-0.037714 0.0120196 -7.51491e-05)
(-0.0394336 0.0150155 -0.000126612)
(-0.0403963 0.0180082 -0.000180281)
(-0.0406109 0.0208883 -0.00023137)
(-0.0400938 0.0235209 -0.000274878)
(-0.0388752 0.0258015 -0.000306593)
(-0.0370179 0.0276427 -0.000324725)
(-0.0346317 0.0289767 -0.000329969)
(-0.0318449 0.0297921 -0.000325438)
(-0.0178292 0.000728422 9.76393e-05)
(-0.0231771 0.00213861 8.74827e-05)
(-0.0279001 0.00407208 6.52749e-05)
(-0.0318895 0.00642683 2.80762e-05)
(-0.0351015 0.00909287 -2.62805e-05)
(-0.0375437 0.0119646 -9.88458e-05)
(-0.0392257 0.0149363 -0.000188561)
(-0.0401647 0.0179057 -0.000291851)
(-0.0403765 0.020769 -0.000402508)
(-0.03988 0.0233998 -0.000510571)
(-0.0387052 0.0256943 -0.000604098)
(-0.0369066 0.0275661 -0.000671977)
(-0.0345813 0.0289442 -0.0007057)
(-0.0318492 0.0298037 -0.000702404)
(-0.0178779 0.000728385 0.000121815)
(-0.0231969 0.00213826 0.000113135)
(-0.0278777 0.00406653 9.06004e-05)
(-0.0318143 0.00640933 5.03222e-05)
(-0.0349654 0.00905537 -1.09169e-05)
(-0.0373428 0.0118985 -9.54603e-05)
(-0.0389627 0.0148347 -0.000203514)
(-0.0398506 0.0177652 -0.000332043)
(-0.0400323 0.0205923 -0.000475811)
(-0.0395366 0.0232015 -0.000623309)
(-0.0383985 0.0254967 -0.000759944)
(-0.03667 0.0273984 -0.000869402)
(-0.0344354 0.0288393 -0.000936247)
(-0.0318043 0.0297785 -0.000950179)
(-0.0179338 0.000728495 0.000132318)
(-0.0232209 0.00213813 0.000124659)
(-0.0278542 0.00406066 0.000102636)
(-0.0317309 0.00639001 6.20714e-05)
(-0.0348123 0.00901321 -6.18637e-07)
(-0.0371144 0.0118235 -8.80512e-05)
(-0.0386611 0.0147183 -0.000200823)
(-0.0394857 0.0176018 -0.000336468)
(-0.039625 0.0203831 -0.000490114)
(-0.0391199 0.0229597 -0.00065117)
(-0.038012 0.0252463 -0.000805241)
(-0.0363551 0.0271733 -0.000935063)
(-0.0342248 0.0286806 -0.00102287)
(-0.0317175 0.0297203 -0.00105379)
(-0.0179951 0.000728851 0.000132898)
(-0.0232522 0.00213874 0.000127538)
(-0.0278406 0.00405631 0.000109077)
(-0.0316601 0.00637329 7.35963e-05)
(-0.0346745 0.00897509 1.7767e-05)
(-0.036904 0.0117542 -6.08838e-05)
(-0.038379 0.0146092 -0.000163085)
(-0.0391405 0.017447 -0.000287228)
(-0.0392349 0.0201825 -0.000428809)
(-0.0387138 0.0227227 -0.000579608)
(-0.037626 0.0249942 -0.000727367)
(-0.0360288 0.0269374 -0.000857164)
(-0.0339949 0.0284997 -0.0009527)
(-0.0316065 0.0296384 -0.000998804)
(-0.0180557 0.000729452 0.000125057)
(-0.0232871 0.00214 0.000122624)
(-0.0278365 0.0040537 0.000109362)
(-0.0316065 0.00636044 8.19086e-05)
(-0.0345633 0.00894423 3.74708e-05)
(-0.0367302 0.0116969 -2.60964e-05)
(-0.038143 0.0145179 -0.000109487)
(-0.0388491 0.0173163 -0.000211927)
(-0.0389027 0.020012 -0.00032988)
(-0.038364 0.0225178 -0.000457501)
(-0.037287 0.0247715 -0.000585885)
(-0.0357327 0.0267212 -0.000703911)
(-0.0337725 0.0283216 -0.000799201)
(-0.0314786 0.0295356 -0.00085988)
(-0.0181155 0.000730324 0.000112909)
(-0.023328 0.00214214 0.000114055)
(-0.0278476 0.00405364 0.000107204)
(-0.0315791 0.00635318 8.96171e-05)
(-0.0344905 0.00892365 5.89906e-05)
(-0.0366079 0.0116564 1.3404e-05)
(-0.0379706 0.0144508 -4.80883e-05)
(-0.0386312 0.0172182 -0.000125481)
(-0.0386493 0.0198813 -0.000216241)
(-0.0380908 0.0223566 -0.000317185)
(-0.0370136 0.0245903 -0.000422949)
(-0.0354813 0.0265354 -0.000526298)
(-0.0335649 0.0281513 -0.000619289)
(-0.0313303 0.0294049 -0.000694149)
(-0.0181722 0.000731414 9.64758e-05)
(-0.0233728 0.00214501 0.000100667)
(-0.0278722 0.00405592 9.96355e-05)
(-0.0315765 0.00635129 9.12362e-05)
(-0.034455 0.00891304 7.36124e-05)
(-0.0365351 0.0116318 4.50143e-05)
(-0.0378585 0.0144068 4.12144e-06)
(-0.0384819 0.0171508 -4.93998e-05)
(-0.038469 0.0197874 -0.000114329)
(-0.0378873 0.0222354 -0.000189565)
(-0.0367982 0.0244461 -0.00027229)
(-0.035268 0.0263756 -0.000358233)
(-0.0333672 0.0279864 -0.000442696)
(-0.0311598 0.0292468 -0.000520798)
(-0.018223 0.000732615 7.78962e-05)
(-0.023418 0.00214828 8.41589e-05)
(-0.0279057 0.00405987 8.75322e-05)
(-0.031593 0.00635361 8.64131e-05)
(-0.0344498 0.00891061 7.9301e-05)
(-0.0365039 0.0116206 6.46115e-05)
(-0.0377986 0.0143829 4.09903e-05)
(-0.0383936 0.0171107 7.98608e-06)
(-0.0383542 0.0197262 -3.4858e-05)
(-0.0377491 0.0221523 -8.74351e-05)
(-0.0366437 0.0243417 -0.000148218)
(-0.0351059 0.0262528 -0.000215038)
(-0.0332066 0.0278507 -0.00028502)
(-0.0310093 0.0291053 -0.000354919)
(-0.0182651 0.00073374 5.6543e-05)
(-0.0234591 0.00215145 6.31858e-05)
(-0.0279417 0.00406447 6.86345e-05)
(-0.03162 0.00635833 7.18044e-05)
(-0.0344638 0.0089134 7.15591e-05)
(-0.0365008 0.0116187 6.65457e-05)
(-0.0377758 0.0143733 5.55301e-05)
(-0.0383491 0.01709 3.80966e-05)
(-0.0382866 0.0196895 1.26892e-05)
(-0.0376596 0.022098 -2.06655e-05)
(-0.0365358 0.0242679 -6.17224e-05)
(-0.0349845 0.0261601 -0.000109374)
(-0.0330779 0.0277411 -0.000161986)
(-0.0308802 0.028983 -0.000217443)
(-0.0182977 0.000734712 3.35624e-05)
(-0.0234932 0.00215423 3.95947e-05)
(-0.0279749 0.00406892 4.53451e-05)
(-0.0316498 0.00636387 5.01951e-05)
(-0.0344874 0.00891894 5.3445e-05)
(-0.0365148 0.0116225 5.41e-05)
(-0.0377778 0.0143734 5.1305e-05)
(-0.0383368 0.0170838 4.47367e-05)
(-0.038258 0.0196732 3.28559e-05)
(-0.0376144 0.0220698 1.58366e-05)
(-0.0364749 0.0242255 -6.94705e-06)
(-0.0349108 0.026103 -3.47906e-05)
(-0.0329953 0.02767 -6.68093e-05)
(-0.0307932 0.0288997 -0.000101803)
(-0.0183272 0.000735651 1.12455e-05)
(-0.0235247 0.00215687 1.41473e-05)
(-0.0280069 0.00407329 1.70231e-05)
(-0.0316809 0.00636979 1.96689e-05)
(-0.0345159 0.00892588 2.1838e-05)
(-0.0365387 0.0116296 2.31372e-05)
(-0.0377958 0.0143797 2.32958e-05)
(-0.0383467 0.0170877 2.21402e-05)
(-0.0382583 0.0196722 1.90425e-05)
(-0.0376047 0.0220622 1.40755e-05)
(-0.0364544 0.0242104 6.88671e-06)
(-0.0348815 0.0260795 -2.30086e-06)
(-0.032959 0.027638 -1.31468e-05)
(-0.0307531 0.02886 -2.52479e-05)
(-0.0030814 -0.0035189 -2.10321e-07)
(0.00269587 0.00176955 3.14308e-06)
(0.00660443 0.00471739 5.79006e-06)
(0.00896836 0.00583773 7.47662e-06)
(0.010882 0.00631245 9.40196e-06)
(0.0119427 0.00616117 1.07494e-05)
(0.0111593 0.00509653 1.15486e-05)
(0.00904894 0.00355443 1.29325e-05)
(0.00714801 0.00234149 1.50494e-05)
(0.00510351 0.00143556 1.65475e-05)
(0.0020482 0.000568139 1.66071e-05)
(-0.00178835 -7.48269e-05 1.56711e-05)
(-0.00648105 -0.000320009 1.44017e-05)
(-0.0120443 -8.50153e-05 1.24009e-05)
(-0.00309036 -0.00352656 6.7532e-06)
(0.00268589 0.00176077 1.09312e-05)
(0.00660058 0.00471384 1.42802e-05)
(0.00896865 0.00583755 1.67218e-05)
(0.0108837 0.00631317 1.94909e-05)
(0.0119444 0.00616195 2.20314e-05)
(0.0111588 0.00509634 2.56208e-05)
(0.00904572 0.00355323 3.22999e-05)
(0.00714345 0.00233989 3.97047e-05)
(0.00509946 0.00143429 4.4134e-05)
(0.00204617 0.000567547 4.5987e-05)
(-0.00178912 -7.50472e-05 4.43026e-05)
(-0.0064796 -0.00032006 4.19065e-05)
(-0.0120377 -8.50729e-05 3.93087e-05)
(-0.00309336 -0.00352929 1.8067e-05)
(0.00268246 0.00175785 1.90046e-05)
(0.00659742 0.0047114 1.99028e-05)
(0.00896572 0.00583559 2.13006e-05)
(0.0108796 0.00631094 2.30539e-05)
(0.0119353 0.00615762 2.59272e-05)
(0.0111411 0.00508888 3.30457e-05)
(0.00902349 0.00354469 4.65766e-05)
(0.00712181 0.00233292 5.96131e-05)
(0.00507663 0.00142844 6.70498e-05)
(0.00202402 0.000562815 7.23077e-05)
(-0.001811 -7.80723e-05 7.11933e-05)
(-0.00650358 -0.000321893 6.94422e-05)
(-0.0120585 -8.6024e-05 6.94686e-05)
(-0.00309473 -0.00353071 2.43068e-05)
(0.00268043 0.00175617 2.44526e-05)
(0.00659375 0.00470873 2.49092e-05)
(0.00896076 0.0058324 2.63276e-05)
(0.0108721 0.0063069 2.82263e-05)
(0.0119199 0.00615038 3.17346e-05)
(0.0111127 0.00507683 4.13073e-05)
(0.00898855 0.00353127 5.96205e-05)
(0.00708776 0.00232201 7.72032e-05)
(0.00503889 0.00141886 8.78246e-05)
(0.00198602 0.000554718 9.65179e-05)
(-0.00185055 -8.35144e-05 9.67899e-05)
(-0.00654998 -0.000325473 9.68303e-05)
(-0.0121036 -8.79596e-05 0.000100234)
(-0.0030958 -0.00353186 2.73976e-05)
(0.00267892 0.00175495 2.74645e-05)
(0.00659047 0.00470637 2.80036e-05)
(0.00895612 0.00582943 2.96301e-05)
(0.0108642 0.00630272 3.1673e-05)
(0.0119015 0.00614176 3.54764e-05)
(0.0110775 0.00506194 4.65237e-05)
(0.00894467 0.00351445 6.76206e-05)
(0.00704406 0.00230806 8.83915e-05)
(0.00498976 0.00140639 0.000101416)
(0.00193571 0.000543964 0.000112521)
(-0.00190407 -9.0828e-05 0.000114229)
(-0.00661446 -0.000330448 0.000115945)
(-0.01217 -9.0627e-05 0.000122114)
(-0.00309697 -0.00353312 2.84823e-05)
(0.00267752 0.00175383 2.86342e-05)
(0.00658721 0.00470404 2.93122e-05)
(0.00895137 0.0058264 3.11106e-05)
(0.0108558 0.00629831 3.33045e-05)
(0.0118815 0.00613239 3.72624e-05)
(0.0110392 0.00504573 4.88552e-05)
(0.00889655 0.00349605 7.09176e-05)
(0.00699566 0.00229264 9.29388e-05)
(0.00493566 0.00139267 0.000106972)
(0.00187976 0.000531912 0.000118934)
(-0.00196396 -9.88071e-05 0.000121418)
(-0.00668686 -0.000335978 0.000123963)
(-0.0122451 -9.35313e-05 0.000131386)
(-0.00309834 -0.00353454 2.76749e-05)
(0.00267595 0.00175256 2.79885e-05)
(0.00658398 0.0047017 2.88016e-05)
(0.00894687 0.00582352 3.06664e-05)
(0.0108478 0.00629413 3.2885e-05)
(0.0118616 0.00612318 3.67285e-05)
(0.0110008 0.00502952 4.79902e-05)
(0.00884804 0.00347753 6.94984e-05)
(0.00694659 0.00227702 9.1084e-05)
(0.00488092 0.00137881 0.000104739)
(0.00182275 0.000519564 0.000116583)
(-0.00202545 -0.000106856 0.000119232)
(-0.0067616 -0.000341639 0.000122404)
(-0.0123237 -9.64508e-05 0.000130545)
(-0.00309988 -0.00353611 2.50773e-05)
(0.00267431 0.00175122 2.55933e-05)
(0.00658092 0.00469949 2.64945e-05)
(0.00894275 0.0058209 2.83285e-05)
(0.0108405 0.00629033 3.04867e-05)
(0.0118431 0.00611462 3.40633e-05)
(0.0109647 0.0050143 4.43731e-05)
(0.00880251 0.00346012 6.40534e-05)
(0.00690112 0.00226256 8.3858e-05)
(0.00483006 0.00136602 9.60434e-05)
(0.00176979 0.000509058 0.000106799)
(-0.00208264 -0.00011517 0.000109481)
(-0.00683237 -0.000346936 0.000112956)
(-0.012399 -9.90952e-05 0.000121312)
(-0.00310179 -0.003538 2.10972e-05)
(0.00267243 0.00174964 2.20815e-05)
(0.00657808 0.00469741 2.32104e-05)
(0.00893922 0.00581865 2.50441e-05)
(0.0108343 0.00628714 2.71215e-05)
(0.0118271 0.00610726 3.02515e-05)
(0.0109332 0.00500102 3.8991e-05)
(0.00876261 0.00344487 5.57518e-05)
(0.00686159 0.00224997 7.28597e-05)
(0.00478612 0.00135501 8.31611e-05)
(0.00172316 0.000499433 9.23197e-05)
(-0.00213383 -0.000122113 9.53002e-05)
(-0.00689619 -0.000351623 9.90122e-05)
(-0.0124688 -0.000101385 0.000107503)
(-0.00310436 -0.00354047 1.61928e-05)
(0.00267021 0.00174774 1.77496e-05)
(0.00657578 0.00469569 1.91656e-05)
(0.0089368 0.0058171 2.10011e-05)
(0.0108299 0.00628493 2.29747e-05)
(0.0118146 0.00610157 2.55993e-05)
(0.0109076 0.00499029 3.24758e-05)
(0.00872978 0.00343233 4.57873e-05)
(0.00682931 0.00223968 5.95811e-05)
(0.0047505 0.00134613 6.76868e-05)
(0.00168466 0.000491389 7.50696e-05)
(-0.00217692 -0.000127738 7.79356e-05)
(-0.00695082 -0.000355547 8.17003e-05)
(-0.0125306 -0.000103245 8.98919e-05)
(-0.00310756 -0.00354354 1.09271e-05)
(0.00266785 0.00174565 1.29031e-05)
(0.0065741 0.00469437 1.45251e-05)
(0.00893543 0.00581621 1.62644e-05)
(0.0108271 0.00628359 1.79352e-05)
(0.0118056 0.00609755 1.98462e-05)
(0.0108885 0.0049823 2.47307e-05)
(0.00870505 0.00342287 3.45134e-05)
(0.00680533 0.00223204 4.49457e-05)
(0.00472387 0.00133955 5.09644e-05)
(0.0016553 0.000485492 5.67224e-05)
(-0.00221053 -0.000132253 5.94365e-05)
(-0.00699472 -0.000358621 6.31578e-05)
(-0.0125823 -0.000104648 7.07456e-05)
(-0.00311069 -0.0035465 6.89531e-06)
(0.00266603 0.001744 8.55022e-06)
(0.00657372 0.00469398 9.83143e-06)
(0.00893588 0.0058165 1.11514e-05)
(0.0108268 0.00628355 1.23511e-05)
(0.0118004 0.00609533 1.3568e-05)
(0.0108756 0.00497693 1.67592e-05)
(0.00868759 0.0034162 2.34257e-05)
(0.00678864 0.00222672 3.05296e-05)
(0.00470538 0.00133501 3.455e-05)
(0.0016343 0.000481306 3.85615e-05)
(-0.00223509 -0.000135519 4.07039e-05)
(-0.00702762 -0.000360881 4.37879e-05)
(-0.0126226 -0.000105653 5.00103e-05)
(-0.00311246 -0.00354825 7.30037e-06)
(0.00266548 0.00174344 5.80399e-06)
(0.00657381 0.00469402 4.45821e-06)
(0.00893611 0.00581668 4.0424e-06)
(0.0108263 0.00628343 3.33944e-06)
(0.0117969 0.00609382 3.39013e-06)
(0.0108669 0.00497333 5.88237e-06)
(0.00867635 0.00341188 1.10225e-05)
(0.0067781 0.00222338 1.5206e-05)
(0.00469338 0.0013321 1.68994e-05)
(0.00162042 0.000478531 1.93965e-05)
(-0.0022518 -0.000137669 2.09648e-05)
(-0.00705079 -0.00036243 2.31374e-05)
(-0.0126521 -0.000106311 2.81295e-05)
(-0.00310719 -0.00354398 4.47663e-06)
(0.00267253 0.00174962 2.3911e-06)
(0.00657628 0.0046964 6.1387e-07)
(0.0089352 0.00581641 -2.83614e-07)
(0.0108232 0.00628201 -1.45975e-06)
(0.0117894 0.00609045 -1.89525e-06)
(0.0108548 0.00496821 -6.69002e-07)
(0.0086641 0.00340702 1.81985e-06)
(0.00676853 0.00222046 3.32897e-06)
(0.00468228 0.0013296 3.54589e-06)
(0.00160639 0.000475851 4.55467e-06)
(-0.00226807 -0.00013971 5.34836e-06)
(-0.00707233 -0.00036378 6.29856e-06)
(-0.0126791 -0.00010687 8.6985e-06)
(0.000748982 0.00506417 1.41055e-05)
(0.00190141 0.0153688 1.39408e-05)
(0.00407036 0.0249409 1.35128e-05)
(0.00690045 0.0326239 1.31552e-05)
(0.00969989 0.0369884 1.2304e-05)
(0.0114373 0.0364756 1.14848e-05)
(0.0111303 0.0305171 9.41721e-06)
(0.00843233 0.020414 6.77519e-06)
(0.00405793 0.00910261 4.17412e-06)
(-0.000198872 0.000330058 2.08314e-06)
(-0.00309193 -0.00431832 2.16228e-06)
(-0.00549534 -0.00700991 2.724e-06)
(-0.00764582 -0.00889637 1.74868e-06)
(-0.00733798 -0.00802585 -4.69977e-07)
(0.000749519 0.00506496 1.79686e-05)
(0.00190196 0.01537 1.76856e-05)
(0.00407088 0.0249414 1.72664e-05)
(0.00690093 0.032624 1.70559e-05)
(0.00970052 0.0369887 1.64643e-05)
(0.011439 0.036479 1.59346e-05)
(0.0111339 0.0305255 1.39961e-05)
(0.00843733 0.0204248 1.13168e-05)
(0.00406342 0.00911355 8.58355e-06)
(-0.000194883 0.000337587 6.56387e-06)
(-0.00309006 -0.00431529 7.13603e-06)
(-0.00549237 -0.00700615 8.23516e-06)
(-0.00764155 -0.00889128 7.67936e-06)
(-0.0073384 -0.00802529 5.77565e-06)
(0.000749543 0.00506601 6.19199e-06)
(0.00190196 0.0153703 5.62954e-06)
(0.00407075 0.0249406 5.23455e-06)
(0.00690057 0.0326222 5.24206e-06)
(0.00969994 0.0369863 5.82394e-06)
(0.0114384 0.0364768 6.90865e-06)
(0.0111336 0.0305243 8.27553e-06)
(0.00843735 0.0204246 9.551e-06)
(0.00406365 0.00911396 1.05535e-05)
(-0.000194858 0.000337665 1.14847e-05)
(-0.00309036 -0.00431574 1.26864e-05)
(-0.00549277 -0.00700671 1.39108e-05)
(-0.00764206 -0.00889187 1.51191e-05)
(-0.00733992 -0.00802679 1.65845e-05)
(0.000749527 0.00506787 2.82122e-06)
(0.00190199 0.0153721 2.04091e-06)
(0.00407064 0.0249413 1.44143e-06)
(0.00690001 0.0326207 1.40038e-06)
(0.00969859 0.0369821 2.19709e-06)
(0.0114362 0.0364701 3.97873e-06)
(0.0111306 0.0305166 6.6556e-06)
(0.0084344 0.0204178 9.64554e-06)
(0.00406152 0.00910946 1.24226e-05)
(-0.000196009 0.000335482 1.46051e-05)
(-0.00309129 -0.00431719 1.63651e-05)
(-0.00549413 -0.00700854 1.80071e-05)
(-0.00764403 -0.00889422 2.01072e-05)
(-0.00734182 -0.008029 2.26987e-05)
(0.000749514 0.00506967 1.18227e-07)
(0.00190199 0.0153732 -6.00671e-07)
(0.00407049 0.0249412 -1.01726e-06)
(0.00689945 0.0326188 -8.56172e-07)
(0.00969729 0.0369778 1.32583e-07)
(0.0114339 0.0364635 2.16712e-06)
(0.0111274 0.0305084 5.28289e-06)
(0.00843078 0.0204095 8.97211e-06)
(0.00405826 0.00910283 1.26528e-05)
(-0.000198541 0.000330949 1.56983e-05)
(-0.00309344 -0.00432048 1.78807e-05)
(-0.00549682 -0.00701209 1.98741e-05)
(-0.00764723 -0.00889807 2.25801e-05)
(-0.00734416 -0.00803176 2.56373e-05)
(0.000749508 0.00507152 -3.57009e-07)
(0.00190202 0.0153745 -1.06941e-06)
(0.00407037 0.0249413 -1.46999e-06)
(0.00689891 0.032617 -1.30384e-06)
(0.00969597 0.0369736 -3.366e-07)
(0.0114314 0.0364564 1.66814e-06)
(0.0111238 0.0304991 4.76954e-06)
(0.00842639 0.0203997 8.55921e-06)
(0.00405393 0.00909416 1.25095e-05)
(-0.000202058 0.000324678 1.58996e-05)
(-0.00309636 -0.00432492 1.83237e-05)
(-0.00550035 -0.00701675 2.05365e-05)
(-0.00765126 -0.0089029 2.34709e-05)
(-0.0073471 -0.00803519 2.66251e-05)
(0.000749513 0.00507326 -1.01828e-07)
(0.00190203 0.0153755 -7.13284e-07)
(0.00407025 0.0249412 -9.75469e-07)
(0.00689842 0.0326153 -6.99207e-07)
(0.0096948 0.0369698 3.02457e-07)
(0.0114293 0.0364502 2.17753e-06)
(0.0111206 0.0304911 4.9323e-06)
(0.0084224 0.0203908 8.29048e-06)
(0.00404983 0.00908599 1.18815e-05)
(-0.000205614 0.000318396 1.51172e-05)
(-0.00309943 -0.00432958 1.75871e-05)
(-0.00550399 -0.00702155 1.99113e-05)
(-0.00765525 -0.00890773 2.28426e-05)
(-0.00734999 -0.00803855 2.57972e-05)
(0.000749512 0.00507469 2.87002e-07)
(0.00190203 0.0153762 -1.748e-07)
(0.00407009 0.0249407 -2.94448e-07)
(0.00689791 0.0326133 6.16276e-08)
(0.0096937 0.036966 1.03287e-06)
(0.0114274 0.0364447 2.66862e-06)
(0.0111178 0.0304841 4.90721e-06)
(0.00841897 0.0203832 7.61373e-06)
(0.00404619 0.00907877 1.06019e-05)
(-0.000208825 0.000312732 1.34679e-05)
(-0.00310227 -0.00433386 1.58238e-05)
(-0.00550741 -0.00702607 1.80445e-05)
(-0.00765895 -0.00891218 2.06738e-05)
(-0.00735284 -0.00804184 2.32627e-05)
(0.000749515 0.00507573 3.72078e-07)
(0.00190201 0.0153765 1.45596e-07)
(0.00406994 0.0249401 2.90994e-07)
(0.00689748 0.0326116 8.45569e-07)
(0.00969284 0.036963 1.86708e-06)
(0.011426 0.0364406 3.2549e-06)
(0.0111159 0.0304793 4.83503e-06)
(0.00841645 0.0203776 6.63164e-06)
(0.00404335 0.00907318 8.70437e-06)
(-0.000211564 0.000307948 1.09374e-05)
(-0.00310482 -0.00433772 1.30634e-05)
(-0.0055104 -0.00703003 1.51194e-05)
(-0.00766224 -0.00891613 1.73061e-05)
(-0.0073556 -0.00804495 1.92983e-05)
(0.000749501 0.00507615 -4.18451e-07)
(0.00190193 0.015376 -4.08945e-07)
(0.0040697 0.0249386 -2.86877e-08)
(0.00689698 0.0326091 6.81534e-07)
(0.00969213 0.0369602 1.69287e-06)
(0.0114252 0.0364379 2.8071e-06)
(0.011115 0.0304768 3.77716e-06)
(0.00841528 0.020375 4.78543e-06)
(0.00404178 0.00907017 6.11027e-06)
(-0.000213324 0.000304939 7.81193e-06)
(-0.00310667 -0.00434047 9.64022e-06)
(-0.00551266 -0.00703303 1.13728e-05)
(-0.00766465 -0.00891902 1.29883e-05)
(-0.00735824 -0.00804778 1.43323e-05)
(0.000749488 0.00507606 -3.46662e-06)
(0.00190185 0.0153752 -3.14244e-06)
(0.00406948 0.0249371 -2.35163e-06)
(0.00689662 0.0326072 -1.28081e-06)
(0.00969172 0.0369584 -1.12739e-07)
(0.0114249 0.0364368 8.6888e-07)
(0.0111148 0.0304762 1.44996e-06)
(0.00841469 0.0203739 1.9732e-06)
(0.00404057 0.00906795 2.86907e-06)
(-0.000215053 0.000302037 4.29884e-06)
(-0.00310852 -0.00434323 5.78299e-06)
(-0.00551471 -0.00703573 7.08806e-06)
(-0.00766694 -0.00892171 8.25024e-06)
(-0.0073612 -0.00805081 9.09618e-06)
(0.000749453 0.0050752 -7.29142e-06)
(0.00190167 0.0153729 -6.94861e-06)
(0.00406914 0.0249341 -6.19798e-06)
(0.00689622 0.0326044 -5.12167e-06)
(0.00969151 0.0369567 -3.94175e-06)
(0.0114252 0.0364371 -2.80894e-06)
(0.0111153 0.0304776 -1.89358e-06)
(0.00841501 0.0203748 -9.30889e-07)
(0.00403987 0.00906689 3.27106e-07)
(-0.000216719 0.000299341 1.78864e-06)
(-0.0031104 -0.00434599 2.94245e-06)
(-0.00551681 -0.00703848 3.76328e-06)
(-0.00766913 -0.00892424 4.59527e-06)
(-0.00736408 -0.0080537 5.35056e-06)
(0.000749367 0.00507455 -1.92469e-05)
(0.00190151 0.015372 -1.90645e-05)
(0.00406887 0.0249328 -1.82909e-05)
(0.00689584 0.0326029 -1.71797e-05)
(0.00969104 0.0369552 -1.52867e-05)
(0.0114246 0.0364355 -1.3297e-05)
(0.0111146 0.0304759 -1.00635e-05)
(0.00841382 0.0203724 -6.30746e-06)
(0.00403829 0.00906393 -2.58143e-06)
(-0.0002185 0.000296325 6.5019e-07)
(-0.00311207 -0.00434849 1.43031e-06)
(-0.00551863 -0.00704085 1.42192e-06)
(-0.00767138 -0.00892684 3.24257e-06)
(-0.00736652 -0.00805625 6.0437e-06)
(0.000748773 0.00507378 -1.47009e-05)
(0.00190082 0.0153699 -1.45901e-05)
(0.00406801 0.0249304 -1.39896e-05)
(0.0068948 0.0326001 -1.32537e-05)
(0.00968972 0.0369521 -1.18313e-05)
(0.0114222 0.03643 -1.04894e-05)
(0.0111106 0.0304662 -7.94266e-06)
(0.00840873 0.0203614 -5.01229e-06)
(0.00403265 0.0090528 -2.24797e-06)
(-0.000222915 0.000288169 1.56233e-07)
(-0.00311459 -0.0043524 3.69251e-07)
(-0.00552321 -0.00704641 8.7553e-08)
(-0.00767727 -0.00893402 1.55525e-06)
(-0.00736844 -0.00805913 3.90062e-06)
)
;
    }
    frontAndBack
    {
        type            symmetry;
    }
}


// ************************************************************************* //
