/*--------------------------------*- C++ -*----------------------------------*\
| =========                 |                                                 |
| \\      /  F ield         | OpenFOAM: The Open Source CFD Toolbox           |
|  \\    /   O peration     | Version:  2312                                  |
|   \\  /    A nd           | Website:  www.openfoam.com                      |
|    \\/     M anipulation  |                                                 |
\*---------------------------------------------------------------------------*/
FoamFile
{
    version     2.0;
    format      ascii;
    arch        "LSB;label=32;scalar=64";
    note        "nPoints:13200  nCells:6400  nFaces:25800  nInternalFaces:12600";
    class       labelList;
    location    "1/polyMesh";
    object      neighbour;
}
// * * * * * * * * * * * * * * * * * * * * * * * * * * * * * * * * * * * * * //


12600
(
1
10
190
2
11
191
3
12
192
4
13
193
5
14
194
6
15
195
7
16
196
8
17
197
9
18
198
19
199
809
11
20
12
21
13
22
14
23
15
24
16
25
17
26
18
27
19
28
29
808
21
30
22
31
23
32
24
33
25
34
26
35
27
36
28
37
29
38
39
807
31
40
32
41
33
42
34
43
35
44
36
45
37
46
38
47
39
48
49
806
41
50
42
51
43
52
44
53
45
54
46
55
47
56
48
57
49
58
59
805
51
60
52
61
53
62
54
63
55
64
56
65
57
66
58
67
59
68
69
804
61
70
62
71
63
72
64
73
65
74
66
75
67
76
68
77
69
78
79
803
71
80
72
81
73
82
74
83
75
84
76
85
77
86
78
87
79
88
89
802
81
90
82
91
83
92
84
93
85
94
86
95
87
96
88
97
89
98
99
801
91
1099
92
1098
93
1097
94
1096
95
1095
96
1094
97
1093
98
1092
99
1091
800
1090
101
110
3300
102
111
3301
103
112
3302
104
113
3303
105
114
3304
106
115
3305
107
116
3306
108
117
3307
109
118
3308
119
200
3309
111
120
112
121
113
122
114
123
115
124
116
125
117
126
118
127
119
128
129
220
121
130
122
131
123
132
124
133
125
134
126
135
127
136
128
137
129
138
139
240
131
140
132
141
133
142
134
143
135
144
136
145
137
146
138
147
139
148
149
260
141
150
142
151
143
152
144
153
145
154
146
155
147
156
148
157
149
158
159
280
151
160
152
161
153
162
154
163
155
164
156
165
157
166
158
167
159
168
169
300
161
170
162
171
163
172
164
173
165
174
166
175
167
176
168
177
169
178
179
320
171
180
172
181
173
182
174
183
175
184
176
185
177
186
178
187
179
188
189
340
181
190
182
191
183
192
184
193
185
194
186
195
187
196
188
197
189
198
199
360
191
192
193
194
195
196
197
198
199
380
201
220
3400
202
221
3401
203
222
3402
204
223
3403
205
224
3404
206
225
3405
207
226
3406
208
227
3407
209
228
3408
210
229
3409
211
230
3410
212
231
3411
213
232
3412
214
233
3413
215
234
3414
216
235
3415
217
236
3416
218
237
3417
219
238
3418
239
2000
3419
221
240
222
241
223
242
224
243
225
244
226
245
227
246
228
247
229
248
230
249
231
250
232
251
233
252
234
253
235
254
236
255
237
256
238
257
239
258
259
2040
241
260
242
261
243
262
244
263
245
264
246
265
247
266
248
267
249
268
250
269
251
270
252
271
253
272
254
273
255
274
256
275
257
276
258
277
259
278
279
2080
261
280
262
281
263
282
264
283
265
284
266
285
267
286
268
287
269
288
270
289
271
290
272
291
273
292
274
293
275
294
276
295
277
296
278
297
279
298
299
2120
281
300
282
301
283
302
284
303
285
304
286
305
287
306
288
307
289
308
290
309
291
310
292
311
293
312
294
313
295
314
296
315
297
316
298
317
299
318
319
2160
301
320
302
321
303
322
304
323
305
324
306
325
307
326
308
327
309
328
310
329
311
330
312
331
313
332
314
333
315
334
316
335
317
336
318
337
319
338
339
2200
321
340
322
341
323
342
324
343
325
344
326
345
327
346
328
347
329
348
330
349
331
350
332
351
333
352
334
353
335
354
336
355
337
356
338
357
339
358
359
2240
341
360
342
361
343
362
344
363
345
364
346
365
347
366
348
367
349
368
350
369
351
370
352
371
353
372
354
373
355
374
356
375
357
376
358
377
359
378
379
2280
361
380
362
381
363
382
364
383
365
384
366
385
367
386
368
387
369
388
370
389
371
390
372
391
373
392
374
393
375
394
376
395
377
396
378
397
379
398
399
2320
381
400
382
401
383
402
384
403
385
404
386
405
387
406
388
407
389
408
390
409
391
410
392
411
393
412
394
413
395
414
396
415
397
416
398
417
399
418
419
2360
401
420
809
402
421
403
422
404
423
405
424
406
425
407
426
408
427
409
428
410
429
411
430
412
431
413
432
414
433
415
434
416
435
417
436
418
437
419
438
439
2400
421
440
819
422
441
423
442
424
443
425
444
426
445
427
446
428
447
429
448
430
449
431
450
432
451
433
452
434
453
435
454
436
455
437
456
438
457
439
458
459
2440
441
460
829
442
461
443
462
444
463
445
464
446
465
447
466
448
467
449
468
450
469
451
470
452
471
453
472
454
473
455
474
456
475
457
476
458
477
459
478
479
2480
461
480
839
462
481
463
482
464
483
465
484
466
485
467
486
468
487
469
488
470
489
471
490
472
491
473
492
474
493
475
494
476
495
477
496
478
497
479
498
499
2520
481
500
849
482
501
483
502
484
503
485
504
486
505
487
506
488
507
489
508
490
509
491
510
492
511
493
512
494
513
495
514
496
515
497
516
498
517
499
518
519
2560
501
520
859
502
521
503
522
504
523
505
524
506
525
507
526
508
527
509
528
510
529
511
530
512
531
513
532
514
533
515
534
516
535
517
536
518
537
519
538
539
2600
521
540
869
522
541
523
542
524
543
525
544
526
545
527
546
528
547
529
548
530
549
531
550
532
551
533
552
534
553
535
554
536
555
537
556
538
557
539
558
559
2640
541
560
879
542
561
543
562
544
563
545
564
546
565
547
566
548
567
549
568
550
569
551
570
552
571
553
572
554
573
555
574
556
575
557
576
558
577
559
578
579
2680
561
580
889
562
581
563
582
564
583
565
584
566
585
567
586
568
587
569
588
570
589
571
590
572
591
573
592
574
593
575
594
576
595
577
596
578
597
579
598
599
2720
581
600
899
582
601
583
602
584
603
585
604
586
605
587
606
588
607
589
608
590
609
591
610
592
611
593
612
594
613
595
614
596
615
597
616
598
617
599
618
619
2760
601
620
909
602
621
603
622
604
623
605
624
606
625
607
626
608
627
609
628
610
629
611
630
612
631
613
632
614
633
615
634
616
635
617
636
618
637
619
638
639
2800
621
640
919
622
641
623
642
624
643
625
644
626
645
627
646
628
647
629
648
630
649
631
650
632
651
633
652
634
653
635
654
636
655
637
656
638
657
639
658
659
2840
641
660
929
642
661
643
662
644
663
645
664
646
665
647
666
648
667
649
668
650
669
651
670
652
671
653
672
654
673
655
674
656
675
657
676
658
677
659
678
679
2880
661
680
939
662
681
663
682
664
683
665
684
666
685
667
686
668
687
669
688
670
689
671
690
672
691
673
692
674
693
675
694
676
695
677
696
678
697
679
698
699
2920
681
700
949
682
701
683
702
684
703
685
704
686
705
687
706
688
707
689
708
690
709
691
710
692
711
693
712
694
713
695
714
696
715
697
716
698
717
699
718
719
2960
701
720
959
702
721
703
722
704
723
705
724
706
725
707
726
708
727
709
728
710
729
711
730
712
731
713
732
714
733
715
734
716
735
717
736
718
737
719
738
739
3000
721
740
969
722
741
723
742
724
743
725
744
726
745
727
746
728
747
729
748
730
749
731
750
732
751
733
752
734
753
735
754
736
755
737
756
738
757
739
758
759
3040
741
760
979
742
761
743
762
744
763
745
764
746
765
747
766
748
767
749
768
750
769
751
770
752
771
753
772
754
773
755
774
756
775
757
776
758
777
759
778
779
3080
761
780
989
762
781
763
782
764
783
765
784
766
785
767
786
768
787
769
788
770
789
771
790
772
791
773
792
774
793
775
794
776
795
777
796
778
797
779
798
799
3120
781
999
782
783
784
785
786
787
788
789
790
791
792
793
794
795
796
797
798
799
3160
801
810
1809
802
811
803
812
804
813
805
814
806
815
807
816
808
817
809
818
819
811
820
1819
812
821
813
822
814
823
815
824
816
825
817
826
818
827
819
828
829
821
830
1829
822
831
823
832
824
833
825
834
826
835
827
836
828
837
829
838
839
831
840
1839
832
841
833
842
834
843
835
844
836
845
837
846
838
847
839
848
849
841
850
1849
842
851
843
852
844
853
845
854
846
855
847
856
848
857
849
858
859
851
860
1859
852
861
853
862
854
863
855
864
856
865
857
866
858
867
859
868
869
861
870
1869
862
871
863
872
864
873
865
874
866
875
867
876
868
877
869
878
879
871
880
1879
872
881
873
882
874
883
875
884
876
885
877
886
878
887
879
888
889
881
890
1889
882
891
883
892
884
893
885
894
886
895
887
896
888
897
889
898
899
891
900
1899
892
901
893
902
894
903
895
904
896
905
897
906
898
907
899
908
909
901
910
1909
902
911
903
912
904
913
905
914
906
915
907
916
908
917
909
918
919
911
920
1919
912
921
913
922
914
923
915
924
916
925
917
926
918
927
919
928
929
921
930
1929
922
931
923
932
924
933
925
934
926
935
927
936
928
937
929
938
939
931
940
1939
932
941
933
942
934
943
935
944
936
945
937
946
938
947
939
948
949
941
950
1949
942
951
943
952
944
953
945
954
946
955
947
956
948
957
949
958
959
951
960
1959
952
961
953
962
954
963
955
964
956
965
957
966
958
967
959
968
969
961
970
1969
962
971
963
972
964
973
965
974
966
975
967
976
968
977
969
978
979
971
980
1979
972
981
973
982
974
983
975
984
976
985
977
986
978
987
979
988
989
981
990
1989
982
991
983
992
984
993
985
994
986
995
987
996
988
997
989
998
999
991
1999
992
993
994
995
996
997
998
999
1001
1010
1190
1800
1002
1011
1191
1003
1012
1192
1004
1013
1193
1005
1014
1194
1006
1015
1195
1007
1016
1196
1008
1017
1197
1009
1018
1198
1019
1199
1011
1020
1801
1012
1021
1013
1022
1014
1023
1015
1024
1016
1025
1017
1026
1018
1027
1019
1028
1029
1021
1030
1802
1022
1031
1023
1032
1024
1033
1025
1034
1026
1035
1027
1036
1028
1037
1029
1038
1039
1031
1040
1803
1032
1041
1033
1042
1034
1043
1035
1044
1036
1045
1037
1046
1038
1047
1039
1048
1049
1041
1050
1804
1042
1051
1043
1052
1044
1053
1045
1054
1046
1055
1047
1056
1048
1057
1049
1058
1059
1051
1060
1805
1052
1061
1053
1062
1054
1063
1055
1064
1056
1065
1057
1066
1058
1067
1059
1068
1069
1061
1070
1806
1062
1071
1063
1072
1064
1073
1065
1074
1066
1075
1067
1076
1068
1077
1069
1078
1079
1071
1080
1807
1072
1081
1073
1082
1074
1083
1075
1084
1076
1085
1077
1086
1078
1087
1079
1088
1089
1081
1090
1808
1082
1091
1083
1092
1084
1093
1085
1094
1086
1095
1087
1096
1088
1097
1089
1098
1099
1091
1809
1092
1093
1094
1095
1096
1097
1098
1099
1101
1110
1219
4300
1102
1111
4301
1103
1112
4302
1104
1113
4303
1105
1114
4304
1106
1115
4305
1107
1116
4306
1108
1117
4307
1109
1118
4308
1119
4309
1111
1120
1239
1112
1121
1113
1122
1114
1123
1115
1124
1116
1125
1117
1126
1118
1127
1119
1128
1129
1121
1130
1259
1122
1131
1123
1132
1124
1133
1125
1134
1126
1135
1127
1136
1128
1137
1129
1138
1139
1131
1140
1279
1132
1141
1133
1142
1134
1143
1135
1144
1136
1145
1137
1146
1138
1147
1139
1148
1149
1141
1150
1299
1142
1151
1143
1152
1144
1153
1145
1154
1146
1155
1147
1156
1148
1157
1149
1158
1159
1151
1160
1319
1152
1161
1153
1162
1154
1163
1155
1164
1156
1165
1157
1166
1158
1167
1159
1168
1169
1161
1170
1339
1162
1171
1163
1172
1164
1173
1165
1174
1166
1175
1167
1176
1168
1177
1169
1178
1179
1171
1180
1359
1172
1181
1173
1182
1174
1183
1175
1184
1176
1185
1177
1186
1178
1187
1179
1188
1189
1181
1190
1379
1182
1191
1183
1192
1184
1193
1185
1194
1186
1195
1187
1196
1188
1197
1189
1198
1199
1191
1399
1192
1193
1194
1195
1196
1197
1198
1199
1201
1220
4400
1202
1221
4401
1203
1222
4402
1204
1223
4403
1205
1224
4404
1206
1225
4405
1207
1226
4406
1208
1227
4407
1209
1228
4408
1210
1229
4409
1211
1230
4410
1212
1231
4411
1213
1232
4412
1214
1233
4413
1215
1234
4414
1216
1235
4415
1217
1236
4416
1218
1237
4417
1219
1238
4418
1239
4419
1221
1240
1222
1241
1223
1242
1224
1243
1225
1244
1226
1245
1227
1246
1228
1247
1229
1248
1230
1249
1231
1250
1232
1251
1233
1252
1234
1253
1235
1254
1236
1255
1237
1256
1238
1257
1239
1258
1259
1241
1260
1242
1261
1243
1262
1244
1263
1245
1264
1246
1265
1247
1266
1248
1267
1249
1268
1250
1269
1251
1270
1252
1271
1253
1272
1254
1273
1255
1274
1256
1275
1257
1276
1258
1277
1259
1278
1279
1261
1280
1262
1281
1263
1282
1264
1283
1265
1284
1266
1285
1267
1286
1268
1287
1269
1288
1270
1289
1271
1290
1272
1291
1273
1292
1274
1293
1275
1294
1276
1295
1277
1296
1278
1297
1279
1298
1299
1281
1300
1282
1301
1283
1302
1284
1303
1285
1304
1286
1305
1287
1306
1288
1307
1289
1308
1290
1309
1291
1310
1292
1311
1293
1312
1294
1313
1295
1314
1296
1315
1297
1316
1298
1317
1299
1318
1319
1301
1320
1302
1321
1303
1322
1304
1323
1305
1324
1306
1325
1307
1326
1308
1327
1309
1328
1310
1329
1311
1330
1312
1331
1313
1332
1314
1333
1315
1334
1316
1335
1317
1336
1318
1337
1319
1338
1339
1321
1340
1322
1341
1323
1342
1324
1343
1325
1344
1326
1345
1327
1346
1328
1347
1329
1348
1330
1349
1331
1350
1332
1351
1333
1352
1334
1353
1335
1354
1336
1355
1337
1356
1338
1357
1339
1358
1359
1341
1360
1342
1361
1343
1362
1344
1363
1345
1364
1346
1365
1347
1366
1348
1367
1349
1368
1350
1369
1351
1370
1352
1371
1353
1372
1354
1373
1355
1374
1356
1375
1357
1376
1358
1377
1359
1378
1379
1361
1380
1362
1381
1363
1382
1364
1383
1365
1384
1366
1385
1367
1386
1368
1387
1369
1388
1370
1389
1371
1390
1372
1391
1373
1392
1374
1393
1375
1394
1376
1395
1377
1396
1378
1397
1379
1398
1399
1381
1400
1382
1401
1383
1402
1384
1403
1385
1404
1386
1405
1387
1406
1388
1407
1389
1408
1390
1409
1391
1410
1392
1411
1393
1412
1394
1413
1395
1414
1396
1415
1397
1416
1398
1417
1399
1418
1419
1401
1420
1402
1421
1403
1422
1404
1423
1405
1424
1406
1425
1407
1426
1408
1427
1409
1428
1410
1429
1411
1430
1412
1431
1413
1432
1414
1433
1415
1434
1416
1435
1417
1436
1418
1437
1419
1438
1439
1800
1421
1440
1422
1441
1423
1442
1424
1443
1425
1444
1426
1445
1427
1446
1428
1447
1429
1448
1430
1449
1431
1450
1432
1451
1433
1452
1434
1453
1435
1454
1436
1455
1437
1456
1438
1457
1439
1458
1459
1810
1441
1460
1442
1461
1443
1462
1444
1463
1445
1464
1446
1465
1447
1466
1448
1467
1449
1468
1450
1469
1451
1470
1452
1471
1453
1472
1454
1473
1455
1474
1456
1475
1457
1476
1458
1477
1459
1478
1479
1820
1461
1480
1462
1481
1463
1482
1464
1483
1465
1484
1466
1485
1467
1486
1468
1487
1469
1488
1470
1489
1471
1490
1472
1491
1473
1492
1474
1493
1475
1494
1476
1495
1477
1496
1478
1497
1479
1498
1499
1830
1481
1500
1482
1501
1483
1502
1484
1503
1485
1504
1486
1505
1487
1506
1488
1507
1489
1508
1490
1509
1491
1510
1492
1511
1493
1512
1494
1513
1495
1514
1496
1515
1497
1516
1498
1517
1499
1518
1519
1840
1501
1520
1502
1521
1503
1522
1504
1523
1505
1524
1506
1525
1507
1526
1508
1527
1509
1528
1510
1529
1511
1530
1512
1531
1513
1532
1514
1533
1515
1534
1516
1535
1517
1536
1518
1537
1519
1538
1539
1850
1521
1540
1522
1541
1523
1542
1524
1543
1525
1544
1526
1545
1527
1546
1528
1547
1529
1548
1530
1549
1531
1550
1532
1551
1533
1552
1534
1553
1535
1554
1536
1555
1537
1556
1538
1557
1539
1558
1559
1860
1541
1560
1542
1561
1543
1562
1544
1563
1545
1564
1546
1565
1547
1566
1548
1567
1549
1568
1550
1569
1551
1570
1552
1571
1553
1572
1554
1573
1555
1574
1556
1575
1557
1576
1558
1577
1559
1578
1579
1870
1561
1580
1562
1581
1563
1582
1564
1583
1565
1584
1566
1585
1567
1586
1568
1587
1569
1588
1570
1589
1571
1590
1572
1591
1573
1592
1574
1593
1575
1594
1576
1595
1577
1596
1578
1597
1579
1598
1599
1880
1581
1600
1582
1601
1583
1602
1584
1603
1585
1604
1586
1605
1587
1606
1588
1607
1589
1608
1590
1609
1591
1610
1592
1611
1593
1612
1594
1613
1595
1614
1596
1615
1597
1616
1598
1617
1599
1618
1619
1890
1601
1620
1602
1621
1603
1622
1604
1623
1605
1624
1606
1625
1607
1626
1608
1627
1609
1628
1610
1629
1611
1630
1612
1631
1613
1632
1614
1633
1615
1634
1616
1635
1617
1636
1618
1637
1619
1638
1639
1900
1621
1640
1622
1641
1623
1642
1624
1643
1625
1644
1626
1645
1627
1646
1628
1647
1629
1648
1630
1649
1631
1650
1632
1651
1633
1652
1634
1653
1635
1654
1636
1655
1637
1656
1638
1657
1639
1658
1659
1910
1641
1660
1642
1661
1643
1662
1644
1663
1645
1664
1646
1665
1647
1666
1648
1667
1649
1668
1650
1669
1651
1670
1652
1671
1653
1672
1654
1673
1655
1674
1656
1675
1657
1676
1658
1677
1659
1678
1679
1920
1661
1680
1662
1681
1663
1682
1664
1683
1665
1684
1666
1685
1667
1686
1668
1687
1669
1688
1670
1689
1671
1690
1672
1691
1673
1692
1674
1693
1675
1694
1676
1695
1677
1696
1678
1697
1679
1698
1699
1930
1681
1700
1682
1701
1683
1702
1684
1703
1685
1704
1686
1705
1687
1706
1688
1707
1689
1708
1690
1709
1691
1710
1692
1711
1693
1712
1694
1713
1695
1714
1696
1715
1697
1716
1698
1717
1699
1718
1719
1940
1701
1720
1702
1721
1703
1722
1704
1723
1705
1724
1706
1725
1707
1726
1708
1727
1709
1728
1710
1729
1711
1730
1712
1731
1713
1732
1714
1733
1715
1734
1716
1735
1717
1736
1718
1737
1719
1738
1739
1950
1721
1740
1722
1741
1723
1742
1724
1743
1725
1744
1726
1745
1727
1746
1728
1747
1729
1748
1730
1749
1731
1750
1732
1751
1733
1752
1734
1753
1735
1754
1736
1755
1737
1756
1738
1757
1739
1758
1759
1960
1741
1760
1742
1761
1743
1762
1744
1763
1745
1764
1746
1765
1747
1766
1748
1767
1749
1768
1750
1769
1751
1770
1752
1771
1753
1772
1754
1773
1755
1774
1756
1775
1757
1776
1758
1777
1759
1778
1779
1970
1761
1780
1762
1781
1763
1782
1764
1783
1765
1784
1766
1785
1767
1786
1768
1787
1769
1788
1770
1789
1771
1790
1772
1791
1773
1792
1774
1793
1775
1794
1776
1795
1777
1796
1778
1797
1779
1798
1799
1980
1781
1782
1783
1784
1785
1786
1787
1788
1789
1790
1791
1792
1793
1794
1795
1796
1797
1798
1799
1990
1801
1810
1802
1811
1803
1812
1804
1813
1805
1814
1806
1815
1807
1816
1808
1817
1809
1818
1819
1811
1820
1812
1821
1813
1822
1814
1823
1815
1824
1816
1825
1817
1826
1818
1827
1819
1828
1829
1821
1830
1822
1831
1823
1832
1824
1833
1825
1834
1826
1835
1827
1836
1828
1837
1829
1838
1839
1831
1840
1832
1841
1833
1842
1834
1843
1835
1844
1836
1845
1837
1846
1838
1847
1839
1848
1849
1841
1850
1842
1851
1843
1852
1844
1853
1845
1854
1846
1855
1847
1856
1848
1857
1849
1858
1859
1851
1860
1852
1861
1853
1862
1854
1863
1855
1864
1856
1865
1857
1866
1858
1867
1859
1868
1869
1861
1870
1862
1871
1863
1872
1864
1873
1865
1874
1866
1875
1867
1876
1868
1877
1869
1878
1879
1871
1880
1872
1881
1873
1882
1874
1883
1875
1884
1876
1885
1877
1886
1878
1887
1879
1888
1889
1881
1890
1882
1891
1883
1892
1884
1893
1885
1894
1886
1895
1887
1896
1888
1897
1889
1898
1899
1891
1900
1892
1901
1893
1902
1894
1903
1895
1904
1896
1905
1897
1906
1898
1907
1899
1908
1909
1901
1910
1902
1911
1903
1912
1904
1913
1905
1914
1906
1915
1907
1916
1908
1917
1909
1918
1919
1911
1920
1912
1921
1913
1922
1914
1923
1915
1924
1916
1925
1917
1926
1918
1927
1919
1928
1929
1921
1930
1922
1931
1923
1932
1924
1933
1925
1934
1926
1935
1927
1936
1928
1937
1929
1938
1939
1931
1940
1932
1941
1933
1942
1934
1943
1935
1944
1936
1945
1937
1946
1938
1947
1939
1948
1949
1941
1950
1942
1951
1943
1952
1944
1953
1945
1954
1946
1955
1947
1956
1948
1957
1949
1958
1959
1951
1960
1952
1961
1953
1962
1954
1963
1955
1964
1956
1965
1957
1966
1958
1967
1959
1968
1969
1961
1970
1962
1971
1963
1972
1964
1973
1965
1974
1966
1975
1967
1976
1968
1977
1969
1978
1979
1971
1980
1972
1981
1973
1982
1974
1983
1975
1984
1976
1985
1977
1986
1978
1987
1979
1988
1989
1981
1990
1982
1991
1983
1992
1984
1993
1985
1994
1986
1995
1987
1996
1988
1997
1989
1998
1999
1991
1992
1993
1994
1995
1996
1997
1998
1999
2001
2040
5200
2002
2041
5201
2003
2042
5202
2004
2043
5203
2005
2044
5204
2006
2045
5205
2007
2046
5206
2008
2047
5207
2009
2048
5208
2010
2049
5209
2011
2050
5210
2012
2051
5211
2013
2052
5212
2014
2053
5213
2015
2054
5214
2016
2055
5215
2017
2056
5216
2018
2057
5217
2019
2058
5218
2020
2059
5219
2021
2060
5220
2022
2061
5221
2023
2062
5222
2024
2063
5223
2025
2064
5224
2026
2065
5225
2027
2066
5226
2028
2067
5227
2029
2068
5228
2030
2069
5229
2031
2070
5230
2032
2071
5231
2033
2072
5232
2034
2073
5233
2035
2074
5234
2036
2075
5235
2037
2076
5236
2038
2077
5237
2039
2078
5238
2079
5239
2041
2080
2042
2081
2043
2082
2044
2083
2045
2084
2046
2085
2047
2086
2048
2087
2049
2088
2050
2089
2051
2090
2052
2091
2053
2092
2054
2093
2055
2094
2056
2095
2057
2096
2058
2097
2059
2098
2060
2099
2061
2100
2062
2101
2063
2102
2064
2103
2065
2104
2066
2105
2067
2106
2068
2107
2069
2108
2070
2109
2071
2110
2072
2111
2073
2112
2074
2113
2075
2114
2076
2115
2077
2116
2078
2117
2079
2118
2119
2081
2120
2082
2121
2083
2122
2084
2123
2085
2124
2086
2125
2087
2126
2088
2127
2089
2128
2090
2129
2091
2130
2092
2131
2093
2132
2094
2133
2095
2134
2096
2135
2097
2136
2098
2137
2099
2138
2100
2139
2101
2140
2102
2141
2103
2142
2104
2143
2105
2144
2106
2145
2107
2146
2108
2147
2109
2148
2110
2149
2111
2150
2112
2151
2113
2152
2114
2153
2115
2154
2116
2155
2117
2156
2118
2157
2119
2158
2159
2121
2160
2122
2161
2123
2162
2124
2163
2125
2164
2126
2165
2127
2166
2128
2167
2129
2168
2130
2169
2131
2170
2132
2171
2133
2172
2134
2173
2135
2174
2136
2175
2137
2176
2138
2177
2139
2178
2140
2179
2141
2180
2142
2181
2143
2182
2144
2183
2145
2184
2146
2185
2147
2186
2148
2187
2149
2188
2150
2189
2151
2190
2152
2191
2153
2192
2154
2193
2155
2194
2156
2195
2157
2196
2158
2197
2159
2198
2199
2161
2200
2162
2201
2163
2202
2164
2203
2165
2204
2166
2205
2167
2206
2168
2207
2169
2208
2170
2209
2171
2210
2172
2211
2173
2212
2174
2213
2175
2214
2176
2215
2177
2216
2178
2217
2179
2218
2180
2219
2181
2220
2182
2221
2183
2222
2184
2223
2185
2224
2186
2225
2187
2226
2188
2227
2189
2228
2190
2229
2191
2230
2192
2231
2193
2232
2194
2233
2195
2234
2196
2235
2197
2236
2198
2237
2199
2238
2239
2201
2240
2202
2241
2203
2242
2204
2243
2205
2244
2206
2245
2207
2246
2208
2247
2209
2248
2210
2249
2211
2250
2212
2251
2213
2252
2214
2253
2215
2254
2216
2255
2217
2256
2218
2257
2219
2258
2220
2259
2221
2260
2222
2261
2223
2262
2224
2263
2225
2264
2226
2265
2227
2266
2228
2267
2229
2268
2230
2269
2231
2270
2232
2271
2233
2272
2234
2273
2235
2274
2236
2275
2237
2276
2238
2277
2239
2278
2279
2241
2280
2242
2281
2243
2282
2244
2283
2245
2284
2246
2285
2247
2286
2248
2287
2249
2288
2250
2289
2251
2290
2252
2291
2253
2292
2254
2293
2255
2294
2256
2295
2257
2296
2258
2297
2259
2298
2260
2299
2261
2300
2262
2301
2263
2302
2264
2303
2265
2304
2266
2305
2267
2306
2268
2307
2269
2308
2270
2309
2271
2310
2272
2311
2273
2312
2274
2313
2275
2314
2276
2315
2277
2316
2278
2317
2279
2318
2319
2281
2320
2282
2321
2283
2322
2284
2323
2285
2324
2286
2325
2287
2326
2288
2327
2289
2328
2290
2329
2291
2330
2292
2331
2293
2332
2294
2333
2295
2334
2296
2335
2297
2336
2298
2337
2299
2338
2300
2339
2301
2340
2302
2341
2303
2342
2304
2343
2305
2344
2306
2345
2307
2346
2308
2347
2309
2348
2310
2349
2311
2350
2312
2351
2313
2352
2314
2353
2315
2354
2316
2355
2317
2356
2318
2357
2319
2358
2359
2321
2360
2322
2361
2323
2362
2324
2363
2325
2364
2326
2365
2327
2366
2328
2367
2329
2368
2330
2369
2331
2370
2332
2371
2333
2372
2334
2373
2335
2374
2336
2375
2337
2376
2338
2377
2339
2378
2340
2379
2341
2380
2342
2381
2343
2382
2344
2383
2345
2384
2346
2385
2347
2386
2348
2387
2349
2388
2350
2389
2351
2390
2352
2391
2353
2392
2354
2393
2355
2394
2356
2395
2357
2396
2358
2397
2359
2398
2399
2361
2400
2362
2401
2363
2402
2364
2403
2365
2404
2366
2405
2367
2406
2368
2407
2369
2408
2370
2409
2371
2410
2372
2411
2373
2412
2374
2413
2375
2414
2376
2415
2377
2416
2378
2417
2379
2418
2380
2419
2381
2420
2382
2421
2383
2422
2384
2423
2385
2424
2386
2425
2387
2426
2388
2427
2389
2428
2390
2429
2391
2430
2392
2431
2393
2432
2394
2433
2395
2434
2396
2435
2397
2436
2398
2437
2399
2438
2439
2401
2440
2402
2441
2403
2442
2404
2443
2405
2444
2406
2445
2407
2446
2408
2447
2409
2448
2410
2449
2411
2450
2412
2451
2413
2452
2414
2453
2415
2454
2416
2455
2417
2456
2418
2457
2419
2458
2420
2459
2421
2460
2422
2461
2423
2462
2424
2463
2425
2464
2426
2465
2427
2466
2428
2467
2429
2468
2430
2469
2431
2470
2432
2471
2433
2472
2434
2473
2435
2474
2436
2475
2437
2476
2438
2477
2439
2478
2479
2441
2480
2442
2481
2443
2482
2444
2483
2445
2484
2446
2485
2447
2486
2448
2487
2449
2488
2450
2489
2451
2490
2452
2491
2453
2492
2454
2493
2455
2494
2456
2495
2457
2496
2458
2497
2459
2498
2460
2499
2461
2500
2462
2501
2463
2502
2464
2503
2465
2504
2466
2505
2467
2506
2468
2507
2469
2508
2470
2509
2471
2510
2472
2511
2473
2512
2474
2513
2475
2514
2476
2515
2477
2516
2478
2517
2479
2518
2519
2481
2520
2482
2521
2483
2522
2484
2523
2485
2524
2486
2525
2487
2526
2488
2527
2489
2528
2490
2529
2491
2530
2492
2531
2493
2532
2494
2533
2495
2534
2496
2535
2497
2536
2498
2537
2499
2538
2500
2539
2501
2540
2502
2541
2503
2542
2504
2543
2505
2544
2506
2545
2507
2546
2508
2547
2509
2548
2510
2549
2511
2550
2512
2551
2513
2552
2514
2553
2515
2554
2516
2555
2517
2556
2518
2557
2519
2558
2559
2521
2560
2522
2561
2523
2562
2524
2563
2525
2564
2526
2565
2527
2566
2528
2567
2529
2568
2530
2569
2531
2570
2532
2571
2533
2572
2534
2573
2535
2574
2536
2575
2537
2576
2538
2577
2539
2578
2540
2579
2541
2580
2542
2581
2543
2582
2544
2583
2545
2584
2546
2585
2547
2586
2548
2587
2549
2588
2550
2589
2551
2590
2552
2591
2553
2592
2554
2593
2555
2594
2556
2595
2557
2596
2558
2597
2559
2598
2599
2561
2600
2562
2601
2563
2602
2564
2603
2565
2604
2566
2605
2567
2606
2568
2607
2569
2608
2570
2609
2571
2610
2572
2611
2573
2612
2574
2613
2575
2614
2576
2615
2577
2616
2578
2617
2579
2618
2580
2619
2581
2620
2582
2621
2583
2622
2584
2623
2585
2624
2586
2625
2587
2626
2588
2627
2589
2628
2590
2629
2591
2630
2592
2631
2593
2632
2594
2633
2595
2634
2596
2635
2597
2636
2598
2637
2599
2638
2639
2601
2640
2602
2641
2603
2642
2604
2643
2605
2644
2606
2645
2607
2646
2608
2647
2609
2648
2610
2649
2611
2650
2612
2651
2613
2652
2614
2653
2615
2654
2616
2655
2617
2656
2618
2657
2619
2658
2620
2659
2621
2660
2622
2661
2623
2662
2624
2663
2625
2664
2626
2665
2627
2666
2628
2667
2629
2668
2630
2669
2631
2670
2632
2671
2633
2672
2634
2673
2635
2674
2636
2675
2637
2676
2638
2677
2639
2678
2679
2641
2680
2642
2681
2643
2682
2644
2683
2645
2684
2646
2685
2647
2686
2648
2687
2649
2688
2650
2689
2651
2690
2652
2691
2653
2692
2654
2693
2655
2694
2656
2695
2657
2696
2658
2697
2659
2698
2660
2699
2661
2700
2662
2701
2663
2702
2664
2703
2665
2704
2666
2705
2667
2706
2668
2707
2669
2708
2670
2709
2671
2710
2672
2711
2673
2712
2674
2713
2675
2714
2676
2715
2677
2716
2678
2717
2679
2718
2719
2681
2720
2682
2721
2683
2722
2684
2723
2685
2724
2686
2725
2687
2726
2688
2727
2689
2728
2690
2729
2691
2730
2692
2731
2693
2732
2694
2733
2695
2734
2696
2735
2697
2736
2698
2737
2699
2738
2700
2739
2701
2740
2702
2741
2703
2742
2704
2743
2705
2744
2706
2745
2707
2746
2708
2747
2709
2748
2710
2749
2711
2750
2712
2751
2713
2752
2714
2753
2715
2754
2716
2755
2717
2756
2718
2757
2719
2758
2759
2721
2760
2722
2761
2723
2762
2724
2763
2725
2764
2726
2765
2727
2766
2728
2767
2729
2768
2730
2769
2731
2770
2732
2771
2733
2772
2734
2773
2735
2774
2736
2775
2737
2776
2738
2777
2739
2778
2740
2779
2741
2780
2742
2781
2743
2782
2744
2783
2745
2784
2746
2785
2747
2786
2748
2787
2749
2788
2750
2789
2751
2790
2752
2791
2753
2792
2754
2793
2755
2794
2756
2795
2757
2796
2758
2797
2759
2798
2799
2761
2800
2762
2801
2763
2802
2764
2803
2765
2804
2766
2805
2767
2806
2768
2807
2769
2808
2770
2809
2771
2810
2772
2811
2773
2812
2774
2813
2775
2814
2776
2815
2777
2816
2778
2817
2779
2818
2780
2819
2781
2820
2782
2821
2783
2822
2784
2823
2785
2824
2786
2825
2787
2826
2788
2827
2789
2828
2790
2829
2791
2830
2792
2831
2793
2832
2794
2833
2795
2834
2796
2835
2797
2836
2798
2837
2799
2838
2839
2801
2840
2802
2841
2803
2842
2804
2843
2805
2844
2806
2845
2807
2846
2808
2847
2809
2848
2810
2849
2811
2850
2812
2851
2813
2852
2814
2853
2815
2854
2816
2855
2817
2856
2818
2857
2819
2858
2820
2859
2821
2860
2822
2861
2823
2862
2824
2863
2825
2864
2826
2865
2827
2866
2828
2867
2829
2868
2830
2869
2831
2870
2832
2871
2833
2872
2834
2873
2835
2874
2836
2875
2837
2876
2838
2877
2839
2878
2879
2841
2880
2842
2881
2843
2882
2844
2883
2845
2884
2846
2885
2847
2886
2848
2887
2849
2888
2850
2889
2851
2890
2852
2891
2853
2892
2854
2893
2855
2894
2856
2895
2857
2896
2858
2897
2859
2898
2860
2899
2861
2900
2862
2901
2863
2902
2864
2903
2865
2904
2866
2905
2867
2906
2868
2907
2869
2908
2870
2909
2871
2910
2872
2911
2873
2912
2874
2913
2875
2914
2876
2915
2877
2916
2878
2917
2879
2918
2919
2881
2920
2882
2921
2883
2922
2884
2923
2885
2924
2886
2925
2887
2926
2888
2927
2889
2928
2890
2929
2891
2930
2892
2931
2893
2932
2894
2933
2895
2934
2896
2935
2897
2936
2898
2937
2899
2938
2900
2939
2901
2940
2902
2941
2903
2942
2904
2943
2905
2944
2906
2945
2907
2946
2908
2947
2909
2948
2910
2949
2911
2950
2912
2951
2913
2952
2914
2953
2915
2954
2916
2955
2917
2956
2918
2957
2919
2958
2959
2921
2960
2922
2961
2923
2962
2924
2963
2925
2964
2926
2965
2927
2966
2928
2967
2929
2968
2930
2969
2931
2970
2932
2971
2933
2972
2934
2973
2935
2974
2936
2975
2937
2976
2938
2977
2939
2978
2940
2979
2941
2980
2942
2981
2943
2982
2944
2983
2945
2984
2946
2985
2947
2986
2948
2987
2949
2988
2950
2989
2951
2990
2952
2991
2953
2992
2954
2993
2955
2994
2956
2995
2957
2996
2958
2997
2959
2998
2999
2961
3000
2962
3001
2963
3002
2964
3003
2965
3004
2966
3005
2967
3006
2968
3007
2969
3008
2970
3009
2971
3010
2972
3011
2973
3012
2974
3013
2975
3014
2976
3015
2977
3016
2978
3017
2979
3018
2980
3019
2981
3020
2982
3021
2983
3022
2984
3023
2985
3024
2986
3025
2987
3026
2988
3027
2989
3028
2990
3029
2991
3030
2992
3031
2993
3032
2994
3033
2995
3034
2996
3035
2997
3036
2998
3037
2999
3038
3039
3001
3040
3002
3041
3003
3042
3004
3043
3005
3044
3006
3045
3007
3046
3008
3047
3009
3048
3010
3049
3011
3050
3012
3051
3013
3052
3014
3053
3015
3054
3016
3055
3017
3056
3018
3057
3019
3058
3020
3059
3021
3060
3022
3061
3023
3062
3024
3063
3025
3064
3026
3065
3027
3066
3028
3067
3029
3068
3030
3069
3031
3070
3032
3071
3033
3072
3034
3073
3035
3074
3036
3075
3037
3076
3038
3077
3039
3078
3079
3041
3080
3042
3081
3043
3082
3044
3083
3045
3084
3046
3085
3047
3086
3048
3087
3049
3088
3050
3089
3051
3090
3052
3091
3053
3092
3054
3093
3055
3094
3056
3095
3057
3096
3058
3097
3059
3098
3060
3099
3061
3100
3062
3101
3063
3102
3064
3103
3065
3104
3066
3105
3067
3106
3068
3107
3069
3108
3070
3109
3071
3110
3072
3111
3073
3112
3074
3113
3075
3114
3076
3115
3077
3116
3078
3117
3079
3118
3119
3081
3120
3082
3121
3083
3122
3084
3123
3085
3124
3086
3125
3087
3126
3088
3127
3089
3128
3090
3129
3091
3130
3092
3131
3093
3132
3094
3133
3095
3134
3096
3135
3097
3136
3098
3137
3099
3138
3100
3139
3101
3140
3102
3141
3103
3142
3104
3143
3105
3144
3106
3145
3107
3146
3108
3147
3109
3148
3110
3149
3111
3150
3112
3151
3113
3152
3114
3153
3115
3154
3116
3155
3117
3156
3118
3157
3119
3158
3159
3121
3160
3122
3161
3123
3162
3124
3163
3125
3164
3126
3165
3127
3166
3128
3167
3129
3168
3130
3169
3131
3170
3132
3171
3133
3172
3134
3173
3135
3174
3136
3175
3137
3176
3138
3177
3139
3178
3140
3179
3141
3180
3142
3181
3143
3182
3144
3183
3145
3184
3146
3185
3147
3186
3148
3187
3149
3188
3150
3189
3151
3190
3152
3191
3153
3192
3154
3193
3155
3194
3156
3195
3157
3196
3158
3197
3159
3198
3199
3161
3162
3163
3164
3165
3166
3167
3168
3169
3170
3171
3172
3173
3174
3175
3176
3177
3178
3179
3180
3181
3182
3183
3184
3185
3186
3187
3188
3189
3190
3191
3192
3193
3194
3195
3196
3197
3198
3199
3201
3210
3390
3202
3211
3391
3203
3212
3392
3204
3213
3393
3205
3214
3394
3206
3215
3395
3207
3216
3396
3208
3217
3397
3209
3218
3398
3219
3399
4009
3211
3220
3212
3221
3213
3222
3214
3223
3215
3224
3216
3225
3217
3226
3218
3227
3219
3228
3229
4008
3221
3230
3222
3231
3223
3232
3224
3233
3225
3234
3226
3235
3227
3236
3228
3237
3229
3238
3239
4007
3231
3240
3232
3241
3233
3242
3234
3243
3235
3244
3236
3245
3237
3246
3238
3247
3239
3248
3249
4006
3241
3250
3242
3251
3243
3252
3244
3253
3245
3254
3246
3255
3247
3256
3248
3257
3249
3258
3259
4005
3251
3260
3252
3261
3253
3262
3254
3263
3255
3264
3256
3265
3257
3266
3258
3267
3259
3268
3269
4004
3261
3270
3262
3271
3263
3272
3264
3273
3265
3274
3266
3275
3267
3276
3268
3277
3269
3278
3279
4003
3271
3280
3272
3281
3273
3282
3274
3283
3275
3284
3276
3285
3277
3286
3278
3287
3279
3288
3289
4002
3281
3290
3282
3291
3283
3292
3284
3293
3285
3294
3286
3295
3287
3296
3288
3297
3289
3298
3299
4001
3291
4299
3292
4298
3293
4297
3294
4296
3295
4295
3296
4294
3297
4293
3298
4292
3299
4291
4000
4290
3301
3310
3302
3311
3303
3312
3304
3313
3305
3314
3306
3315
3307
3316
3308
3317
3309
3318
3319
3400
3311
3320
3312
3321
3313
3322
3314
3323
3315
3324
3316
3325
3317
3326
3318
3327
3319
3328
3329
3420
3321
3330
3322
3331
3323
3332
3324
3333
3325
3334
3326
3335
3327
3336
3328
3337
3329
3338
3339
3440
3331
3340
3332
3341
3333
3342
3334
3343
3335
3344
3336
3345
3337
3346
3338
3347
3339
3348
3349
3460
3341
3350
3342
3351
3343
3352
3344
3353
3345
3354
3346
3355
3347
3356
3348
3357
3349
3358
3359
3480
3351
3360
3352
3361
3353
3362
3354
3363
3355
3364
3356
3365
3357
3366
3358
3367
3359
3368
3369
3500
3361
3370
3362
3371
3363
3372
3364
3373
3365
3374
3366
3375
3367
3376
3368
3377
3369
3378
3379
3520
3371
3380
3372
3381
3373
3382
3374
3383
3375
3384
3376
3385
3377
3386
3378
3387
3379
3388
3389
3540
3381
3390
3382
3391
3383
3392
3384
3393
3385
3394
3386
3395
3387
3396
3388
3397
3389
3398
3399
3560
3391
3392
3393
3394
3395
3396
3397
3398
3399
3580
3401
3420
3402
3421
3403
3422
3404
3423
3405
3424
3406
3425
3407
3426
3408
3427
3409
3428
3410
3429
3411
3430
3412
3431
3413
3432
3414
3433
3415
3434
3416
3435
3417
3436
3418
3437
3419
3438
3439
5200
3421
3440
3422
3441
3423
3442
3424
3443
3425
3444
3426
3445
3427
3446
3428
3447
3429
3448
3430
3449
3431
3450
3432
3451
3433
3452
3434
3453
3435
3454
3436
3455
3437
3456
3438
3457
3439
3458
3459
5240
3441
3460
3442
3461
3443
3462
3444
3463
3445
3464
3446
3465
3447
3466
3448
3467
3449
3468
3450
3469
3451
3470
3452
3471
3453
3472
3454
3473
3455
3474
3456
3475
3457
3476
3458
3477
3459
3478
3479
5280
3461
3480
3462
3481
3463
3482
3464
3483
3465
3484
3466
3485
3467
3486
3468
3487
3469
3488
3470
3489
3471
3490
3472
3491
3473
3492
3474
3493
3475
3494
3476
3495
3477
3496
3478
3497
3479
3498
3499
5320
3481
3500
3482
3501
3483
3502
3484
3503
3485
3504
3486
3505
3487
3506
3488
3507
3489
3508
3490
3509
3491
3510
3492
3511
3493
3512
3494
3513
3495
3514
3496
3515
3497
3516
3498
3517
3499
3518
3519
5360
3501
3520
3502
3521
3503
3522
3504
3523
3505
3524
3506
3525
3507
3526
3508
3527
3509
3528
3510
3529
3511
3530
3512
3531
3513
3532
3514
3533
3515
3534
3516
3535
3517
3536
3518
3537
3519
3538
3539
5400
3521
3540
3522
3541
3523
3542
3524
3543
3525
3544
3526
3545
3527
3546
3528
3547
3529
3548
3530
3549
3531
3550
3532
3551
3533
3552
3534
3553
3535
3554
3536
3555
3537
3556
3538
3557
3539
3558
3559
5440
3541
3560
3542
3561
3543
3562
3544
3563
3545
3564
3546
3565
3547
3566
3548
3567
3549
3568
3550
3569
3551
3570
3552
3571
3553
3572
3554
3573
3555
3574
3556
3575
3557
3576
3558
3577
3559
3578
3579
5480
3561
3580
3562
3581
3563
3582
3564
3583
3565
3584
3566
3585
3567
3586
3568
3587
3569
3588
3570
3589
3571
3590
3572
3591
3573
3592
3574
3593
3575
3594
3576
3595
3577
3596
3578
3597
3579
3598
3599
5520
3581
3600
3582
3601
3583
3602
3584
3603
3585
3604
3586
3605
3587
3606
3588
3607
3589
3608
3590
3609
3591
3610
3592
3611
3593
3612
3594
3613
3595
3614
3596
3615
3597
3616
3598
3617
3599
3618
3619
5560
3601
3620
4009
3602
3621
3603
3622
3604
3623
3605
3624
3606
3625
3607
3626
3608
3627
3609
3628
3610
3629
3611
3630
3612
3631
3613
3632
3614
3633
3615
3634
3616
3635
3617
3636
3618
3637
3619
3638
3639
5600
3621
3640
4019
3622
3641
3623
3642
3624
3643
3625
3644
3626
3645
3627
3646
3628
3647
3629
3648
3630
3649
3631
3650
3632
3651
3633
3652
3634
3653
3635
3654
3636
3655
3637
3656
3638
3657
3639
3658
3659
5640
3641
3660
4029
3642
3661
3643
3662
3644
3663
3645
3664
3646
3665
3647
3666
3648
3667
3649
3668
3650
3669
3651
3670
3652
3671
3653
3672
3654
3673
3655
3674
3656
3675
3657
3676
3658
3677
3659
3678
3679
5680
3661
3680
4039
3662
3681
3663
3682
3664
3683
3665
3684
3666
3685
3667
3686
3668
3687
3669
3688
3670
3689
3671
3690
3672
3691
3673
3692
3674
3693
3675
3694
3676
3695
3677
3696
3678
3697
3679
3698
3699
5720
3681
3700
4049
3682
3701
3683
3702
3684
3703
3685
3704
3686
3705
3687
3706
3688
3707
3689
3708
3690
3709
3691
3710
3692
3711
3693
3712
3694
3713
3695
3714
3696
3715
3697
3716
3698
3717
3699
3718
3719
5760
3701
3720
4059
3702
3721
3703
3722
3704
3723
3705
3724
3706
3725
3707
3726
3708
3727
3709
3728
3710
3729
3711
3730
3712
3731
3713
3732
3714
3733
3715
3734
3716
3735
3717
3736
3718
3737
3719
3738
3739
5800
3721
3740
4069
3722
3741
3723
3742
3724
3743
3725
3744
3726
3745
3727
3746
3728
3747
3729
3748
3730
3749
3731
3750
3732
3751
3733
3752
3734
3753
3735
3754
3736
3755
3737
3756
3738
3757
3739
3758
3759
5840
3741
3760
4079
3742
3761
3743
3762
3744
3763
3745
3764
3746
3765
3747
3766
3748
3767
3749
3768
3750
3769
3751
3770
3752
3771
3753
3772
3754
3773
3755
3774
3756
3775
3757
3776
3758
3777
3759
3778
3779
5880
3761
3780
4089
3762
3781
3763
3782
3764
3783
3765
3784
3766
3785
3767
3786
3768
3787
3769
3788
3770
3789
3771
3790
3772
3791
3773
3792
3774
3793
3775
3794
3776
3795
3777
3796
3778
3797
3779
3798
3799
5920
3781
3800
4099
3782
3801
3783
3802
3784
3803
3785
3804
3786
3805
3787
3806
3788
3807
3789
3808
3790
3809
3791
3810
3792
3811
3793
3812
3794
3813
3795
3814
3796
3815
3797
3816
3798
3817
3799
3818
3819
5960
3801
3820
4109
3802
3821
3803
3822
3804
3823
3805
3824
3806
3825
3807
3826
3808
3827
3809
3828
3810
3829
3811
3830
3812
3831
3813
3832
3814
3833
3815
3834
3816
3835
3817
3836
3818
3837
3819
3838
3839
6000
3821
3840
4119
3822
3841
3823
3842
3824
3843
3825
3844
3826
3845
3827
3846
3828
3847
3829
3848
3830
3849
3831
3850
3832
3851
3833
3852
3834
3853
3835
3854
3836
3855
3837
3856
3838
3857
3839
3858
3859
6040
3841
3860
4129
3842
3861
3843
3862
3844
3863
3845
3864
3846
3865
3847
3866
3848
3867
3849
3868
3850
3869
3851
3870
3852
3871
3853
3872
3854
3873
3855
3874
3856
3875
3857
3876
3858
3877
3859
3878
3879
6080
3861
3880
4139
3862
3881
3863
3882
3864
3883
3865
3884
3866
3885
3867
3886
3868
3887
3869
3888
3870
3889
3871
3890
3872
3891
3873
3892
3874
3893
3875
3894
3876
3895
3877
3896
3878
3897
3879
3898
3899
6120
3881
3900
4149
3882
3901
3883
3902
3884
3903
3885
3904
3886
3905
3887
3906
3888
3907
3889
3908
3890
3909
3891
3910
3892
3911
3893
3912
3894
3913
3895
3914
3896
3915
3897
3916
3898
3917
3899
3918
3919
6160
3901
3920
4159
3902
3921
3903
3922
3904
3923
3905
3924
3906
3925
3907
3926
3908
3927
3909
3928
3910
3929
3911
3930
3912
3931
3913
3932
3914
3933
3915
3934
3916
3935
3917
3936
3918
3937
3919
3938
3939
6200
3921
3940
4169
3922
3941
3923
3942
3924
3943
3925
3944
3926
3945
3927
3946
3928
3947
3929
3948
3930
3949
3931
3950
3932
3951
3933
3952
3934
3953
3935
3954
3936
3955
3937
3956
3938
3957
3939
3958
3959
6240
3941
3960
4179
3942
3961
3943
3962
3944
3963
3945
3964
3946
3965
3947
3966
3948
3967
3949
3968
3950
3969
3951
3970
3952
3971
3953
3972
3954
3973
3955
3974
3956
3975
3957
3976
3958
3977
3959
3978
3979
6280
3961
3980
4189
3962
3981
3963
3982
3964
3983
3965
3984
3966
3985
3967
3986
3968
3987
3969
3988
3970
3989
3971
3990
3972
3991
3973
3992
3974
3993
3975
3994
3976
3995
3977
3996
3978
3997
3979
3998
3999
6320
3981
4199
3982
3983
3984
3985
3986
3987
3988
3989
3990
3991
3992
3993
3994
3995
3996
3997
3998
3999
6360
4001
4010
5009
4002
4011
4003
4012
4004
4013
4005
4014
4006
4015
4007
4016
4008
4017
4009
4018
4019
4011
4020
5019
4012
4021
4013
4022
4014
4023
4015
4024
4016
4025
4017
4026
4018
4027
4019
4028
4029
4021
4030
5029
4022
4031
4023
4032
4024
4033
4025
4034
4026
4035
4027
4036
4028
4037
4029
4038
4039
4031
4040
5039
4032
4041
4033
4042
4034
4043
4035
4044
4036
4045
4037
4046
4038
4047
4039
4048
4049
4041
4050
5049
4042
4051
4043
4052
4044
4053
4045
4054
4046
4055
4047
4056
4048
4057
4049
4058
4059
4051
4060
5059
4052
4061
4053
4062
4054
4063
4055
4064
4056
4065
4057
4066
4058
4067
4059
4068
4069
4061
4070
5069
4062
4071
4063
4072
4064
4073
4065
4074
4066
4075
4067
4076
4068
4077
4069
4078
4079
4071
4080
5079
4072
4081
4073
4082
4074
4083
4075
4084
4076
4085
4077
4086
4078
4087
4079
4088
4089
4081
4090
5089
4082
4091
4083
4092
4084
4093
4085
4094
4086
4095
4087
4096
4088
4097
4089
4098
4099
4091
4100
5099
4092
4101
4093
4102
4094
4103
4095
4104
4096
4105
4097
4106
4098
4107
4099
4108
4109
4101
4110
5109
4102
4111
4103
4112
4104
4113
4105
4114
4106
4115
4107
4116
4108
4117
4109
4118
4119
4111
4120
5119
4112
4121
4113
4122
4114
4123
4115
4124
4116
4125
4117
4126
4118
4127
4119
4128
4129
4121
4130
5129
4122
4131
4123
4132
4124
4133
4125
4134
4126
4135
4127
4136
4128
4137
4129
4138
4139
4131
4140
5139
4132
4141
4133
4142
4134
4143
4135
4144
4136
4145
4137
4146
4138
4147
4139
4148
4149
4141
4150
5149
4142
4151
4143
4152
4144
4153
4145
4154
4146
4155
4147
4156
4148
4157
4149
4158
4159
4151
4160
5159
4152
4161
4153
4162
4154
4163
4155
4164
4156
4165
4157
4166
4158
4167
4159
4168
4169
4161
4170
5169
4162
4171
4163
4172
4164
4173
4165
4174
4166
4175
4167
4176
4168
4177
4169
4178
4179
4171
4180
5179
4172
4181
4173
4182
4174
4183
4175
4184
4176
4185
4177
4186
4178
4187
4179
4188
4189
4181
4190
5189
4182
4191
4183
4192
4184
4193
4185
4194
4186
4195
4187
4196
4188
4197
4189
4198
4199
4191
5199
4192
4193
4194
4195
4196
4197
4198
4199
4201
4210
4390
5000
4202
4211
4391
4203
4212
4392
4204
4213
4393
4205
4214
4394
4206
4215
4395
4207
4216
4396
4208
4217
4397
4209
4218
4398
4219
4399
4211
4220
5001
4212
4221
4213
4222
4214
4223
4215
4224
4216
4225
4217
4226
4218
4227
4219
4228
4229
4221
4230
5002
4222
4231
4223
4232
4224
4233
4225
4234
4226
4235
4227
4236
4228
4237
4229
4238
4239
4231
4240
5003
4232
4241
4233
4242
4234
4243
4235
4244
4236
4245
4237
4246
4238
4247
4239
4248
4249
4241
4250
5004
4242
4251
4243
4252
4244
4253
4245
4254
4246
4255
4247
4256
4248
4257
4249
4258
4259
4251
4260
5005
4252
4261
4253
4262
4254
4263
4255
4264
4256
4265
4257
4266
4258
4267
4259
4268
4269
4261
4270
5006
4262
4271
4263
4272
4264
4273
4265
4274
4266
4275
4267
4276
4268
4277
4269
4278
4279
4271
4280
5007
4272
4281
4273
4282
4274
4283
4275
4284
4276
4285
4277
4286
4278
4287
4279
4288
4289
4281
4290
5008
4282
4291
4283
4292
4284
4293
4285
4294
4286
4295
4287
4296
4288
4297
4289
4298
4299
4291
5009
4292
4293
4294
4295
4296
4297
4298
4299
4301
4310
4419
4302
4311
4303
4312
4304
4313
4305
4314
4306
4315
4307
4316
4308
4317
4309
4318
4319
4311
4320
4439
4312
4321
4313
4322
4314
4323
4315
4324
4316
4325
4317
4326
4318
4327
4319
4328
4329
4321
4330
4459
4322
4331
4323
4332
4324
4333
4325
4334
4326
4335
4327
4336
4328
4337
4329
4338
4339
4331
4340
4479
4332
4341
4333
4342
4334
4343
4335
4344
4336
4345
4337
4346
4338
4347
4339
4348
4349
4341
4350
4499
4342
4351
4343
4352
4344
4353
4345
4354
4346
4355
4347
4356
4348
4357
4349
4358
4359
4351
4360
4519
4352
4361
4353
4362
4354
4363
4355
4364
4356
4365
4357
4366
4358
4367
4359
4368
4369
4361
4370
4539
4362
4371
4363
4372
4364
4373
4365
4374
4366
4375
4367
4376
4368
4377
4369
4378
4379
4371
4380
4559
4372
4381
4373
4382
4374
4383
4375
4384
4376
4385
4377
4386
4378
4387
4379
4388
4389
4381
4390
4579
4382
4391
4383
4392
4384
4393
4385
4394
4386
4395
4387
4396
4388
4397
4389
4398
4399
4391
4599
4392
4393
4394
4395
4396
4397
4398
4399
4401
4420
4402
4421
4403
4422
4404
4423
4405
4424
4406
4425
4407
4426
4408
4427
4409
4428
4410
4429
4411
4430
4412
4431
4413
4432
4414
4433
4415
4434
4416
4435
4417
4436
4418
4437
4419
4438
4439
4421
4440
4422
4441
4423
4442
4424
4443
4425
4444
4426
4445
4427
4446
4428
4447
4429
4448
4430
4449
4431
4450
4432
4451
4433
4452
4434
4453
4435
4454
4436
4455
4437
4456
4438
4457
4439
4458
4459
4441
4460
4442
4461
4443
4462
4444
4463
4445
4464
4446
4465
4447
4466
4448
4467
4449
4468
4450
4469
4451
4470
4452
4471
4453
4472
4454
4473
4455
4474
4456
4475
4457
4476
4458
4477
4459
4478
4479
4461
4480
4462
4481
4463
4482
4464
4483
4465
4484
4466
4485
4467
4486
4468
4487
4469
4488
4470
4489
4471
4490
4472
4491
4473
4492
4474
4493
4475
4494
4476
4495
4477
4496
4478
4497
4479
4498
4499
4481
4500
4482
4501
4483
4502
4484
4503
4485
4504
4486
4505
4487
4506
4488
4507
4489
4508
4490
4509
4491
4510
4492
4511
4493
4512
4494
4513
4495
4514
4496
4515
4497
4516
4498
4517
4499
4518
4519
4501
4520
4502
4521
4503
4522
4504
4523
4505
4524
4506
4525
4507
4526
4508
4527
4509
4528
4510
4529
4511
4530
4512
4531
4513
4532
4514
4533
4515
4534
4516
4535
4517
4536
4518
4537
4519
4538
4539
4521
4540
4522
4541
4523
4542
4524
4543
4525
4544
4526
4545
4527
4546
4528
4547
4529
4548
4530
4549
4531
4550
4532
4551
4533
4552
4534
4553
4535
4554
4536
4555
4537
4556
4538
4557
4539
4558
4559
4541
4560
4542
4561
4543
4562
4544
4563
4545
4564
4546
4565
4547
4566
4548
4567
4549
4568
4550
4569
4551
4570
4552
4571
4553
4572
4554
4573
4555
4574
4556
4575
4557
4576
4558
4577
4559
4578
4579
4561
4580
4562
4581
4563
4582
4564
4583
4565
4584
4566
4585
4567
4586
4568
4587
4569
4588
4570
4589
4571
4590
4572
4591
4573
4592
4574
4593
4575
4594
4576
4595
4577
4596
4578
4597
4579
4598
4599
4581
4600
4582
4601
4583
4602
4584
4603
4585
4604
4586
4605
4587
4606
4588
4607
4589
4608
4590
4609
4591
4610
4592
4611
4593
4612
4594
4613
4595
4614
4596
4615
4597
4616
4598
4617
4599
4618
4619
4601
4620
4602
4621
4603
4622
4604
4623
4605
4624
4606
4625
4607
4626
4608
4627
4609
4628
4610
4629
4611
4630
4612
4631
4613
4632
4614
4633
4615
4634
4616
4635
4617
4636
4618
4637
4619
4638
4639
5000
4621
4640
4622
4641
4623
4642
4624
4643
4625
4644
4626
4645
4627
4646
4628
4647
4629
4648
4630
4649
4631
4650
4632
4651
4633
4652
4634
4653
4635
4654
4636
4655
4637
4656
4638
4657
4639
4658
4659
5010
4641
4660
4642
4661
4643
4662
4644
4663
4645
4664
4646
4665
4647
4666
4648
4667
4649
4668
4650
4669
4651
4670
4652
4671
4653
4672
4654
4673
4655
4674
4656
4675
4657
4676
4658
4677
4659
4678
4679
5020
4661
4680
4662
4681
4663
4682
4664
4683
4665
4684
4666
4685
4667
4686
4668
4687
4669
4688
4670
4689
4671
4690
4672
4691
4673
4692
4674
4693
4675
4694
4676
4695
4677
4696
4678
4697
4679
4698
4699
5030
4681
4700
4682
4701
4683
4702
4684
4703
4685
4704
4686
4705
4687
4706
4688
4707
4689
4708
4690
4709
4691
4710
4692
4711
4693
4712
4694
4713
4695
4714
4696
4715
4697
4716
4698
4717
4699
4718
4719
5040
4701
4720
4702
4721
4703
4722
4704
4723
4705
4724
4706
4725
4707
4726
4708
4727
4709
4728
4710
4729
4711
4730
4712
4731
4713
4732
4714
4733
4715
4734
4716
4735
4717
4736
4718
4737
4719
4738
4739
5050
4721
4740
4722
4741
4723
4742
4724
4743
4725
4744
4726
4745
4727
4746
4728
4747
4729
4748
4730
4749
4731
4750
4732
4751
4733
4752
4734
4753
4735
4754
4736
4755
4737
4756
4738
4757
4739
4758
4759
5060
4741
4760
4742
4761
4743
4762
4744
4763
4745
4764
4746
4765
4747
4766
4748
4767
4749
4768
4750
4769
4751
4770
4752
4771
4753
4772
4754
4773
4755
4774
4756
4775
4757
4776
4758
4777
4759
4778
4779
5070
4761
4780
4762
4781
4763
4782
4764
4783
4765
4784
4766
4785
4767
4786
4768
4787
4769
4788
4770
4789
4771
4790
4772
4791
4773
4792
4774
4793
4775
4794
4776
4795
4777
4796
4778
4797
4779
4798
4799
5080
4781
4800
4782
4801
4783
4802
4784
4803
4785
4804
4786
4805
4787
4806
4788
4807
4789
4808
4790
4809
4791
4810
4792
4811
4793
4812
4794
4813
4795
4814
4796
4815
4797
4816
4798
4817
4799
4818
4819
5090
4801
4820
4802
4821
4803
4822
4804
4823
4805
4824
4806
4825
4807
4826
4808
4827
4809
4828
4810
4829
4811
4830
4812
4831
4813
4832
4814
4833
4815
4834
4816
4835
4817
4836
4818
4837
4819
4838
4839
5100
4821
4840
4822
4841
4823
4842
4824
4843
4825
4844
4826
4845
4827
4846
4828
4847
4829
4848
4830
4849
4831
4850
4832
4851
4833
4852
4834
4853
4835
4854
4836
4855
4837
4856
4838
4857
4839
4858
4859
5110
4841
4860
4842
4861
4843
4862
4844
4863
4845
4864
4846
4865
4847
4866
4848
4867
4849
4868
4850
4869
4851
4870
4852
4871
4853
4872
4854
4873
4855
4874
4856
4875
4857
4876
4858
4877
4859
4878
4879
5120
4861
4880
4862
4881
4863
4882
4864
4883
4865
4884
4866
4885
4867
4886
4868
4887
4869
4888
4870
4889
4871
4890
4872
4891
4873
4892
4874
4893
4875
4894
4876
4895
4877
4896
4878
4897
4879
4898
4899
5130
4881
4900
4882
4901
4883
4902
4884
4903
4885
4904
4886
4905
4887
4906
4888
4907
4889
4908
4890
4909
4891
4910
4892
4911
4893
4912
4894
4913
4895
4914
4896
4915
4897
4916
4898
4917
4899
4918
4919
5140
4901
4920
4902
4921
4903
4922
4904
4923
4905
4924
4906
4925
4907
4926
4908
4927
4909
4928
4910
4929
4911
4930
4912
4931
4913
4932
4914
4933
4915
4934
4916
4935
4917
4936
4918
4937
4919
4938
4939
5150
4921
4940
4922
4941
4923
4942
4924
4943
4925
4944
4926
4945
4927
4946
4928
4947
4929
4948
4930
4949
4931
4950
4932
4951
4933
4952
4934
4953
4935
4954
4936
4955
4937
4956
4938
4957
4939
4958
4959
5160
4941
4960
4942
4961
4943
4962
4944
4963
4945
4964
4946
4965
4947
4966
4948
4967
4949
4968
4950
4969
4951
4970
4952
4971
4953
4972
4954
4973
4955
4974
4956
4975
4957
4976
4958
4977
4959
4978
4979
5170
4961
4980
4962
4981
4963
4982
4964
4983
4965
4984
4966
4985
4967
4986
4968
4987
4969
4988
4970
4989
4971
4990
4972
4991
4973
4992
4974
4993
4975
4994
4976
4995
4977
4996
4978
4997
4979
4998
4999
5180
4981
4982
4983
4984
4985
4986
4987
4988
4989
4990
4991
4992
4993
4994
4995
4996
4997
4998
4999
5190
5001
5010
5002
5011
5003
5012
5004
5013
5005
5014
5006
5015
5007
5016
5008
5017
5009
5018
5019
5011
5020
5012
5021
5013
5022
5014
5023
5015
5024
5016
5025
5017
5026
5018
5027
5019
5028
5029
5021
5030
5022
5031
5023
5032
5024
5033
5025
5034
5026
5035
5027
5036
5028
5037
5029
5038
5039
5031
5040
5032
5041
5033
5042
5034
5043
5035
5044
5036
5045
5037
5046
5038
5047
5039
5048
5049
5041
5050
5042
5051
5043
5052
5044
5053
5045
5054
5046
5055
5047
5056
5048
5057
5049
5058
5059
5051
5060
5052
5061
5053
5062
5054
5063
5055
5064
5056
5065
5057
5066
5058
5067
5059
5068
5069
5061
5070
5062
5071
5063
5072
5064
5073
5065
5074
5066
5075
5067
5076
5068
5077
5069
5078
5079
5071
5080
5072
5081
5073
5082
5074
5083
5075
5084
5076
5085
5077
5086
5078
5087
5079
5088
5089
5081
5090
5082
5091
5083
5092
5084
5093
5085
5094
5086
5095
5087
5096
5088
5097
5089
5098
5099
5091
5100
5092
5101
5093
5102
5094
5103
5095
5104
5096
5105
5097
5106
5098
5107
5099
5108
5109
5101
5110
5102
5111
5103
5112
5104
5113
5105
5114
5106
5115
5107
5116
5108
5117
5109
5118
5119
5111
5120
5112
5121
5113
5122
5114
5123
5115
5124
5116
5125
5117
5126
5118
5127
5119
5128
5129
5121
5130
5122
5131
5123
5132
5124
5133
5125
5134
5126
5135
5127
5136
5128
5137
5129
5138
5139
5131
5140
5132
5141
5133
5142
5134
5143
5135
5144
5136
5145
5137
5146
5138
5147
5139
5148
5149
5141
5150
5142
5151
5143
5152
5144
5153
5145
5154
5146
5155
5147
5156
5148
5157
5149
5158
5159
5151
5160
5152
5161
5153
5162
5154
5163
5155
5164
5156
5165
5157
5166
5158
5167
5159
5168
5169
5161
5170
5162
5171
5163
5172
5164
5173
5165
5174
5166
5175
5167
5176
5168
5177
5169
5178
5179
5171
5180
5172
5181
5173
5182
5174
5183
5175
5184
5176
5185
5177
5186
5178
5187
5179
5188
5189
5181
5190
5182
5191
5183
5192
5184
5193
5185
5194
5186
5195
5187
5196
5188
5197
5189
5198
5199
5191
5192
5193
5194
5195
5196
5197
5198
5199
5201
5240
5202
5241
5203
5242
5204
5243
5205
5244
5206
5245
5207
5246
5208
5247
5209
5248
5210
5249
5211
5250
5212
5251
5213
5252
5214
5253
5215
5254
5216
5255
5217
5256
5218
5257
5219
5258
5220
5259
5221
5260
5222
5261
5223
5262
5224
5263
5225
5264
5226
5265
5227
5266
5228
5267
5229
5268
5230
5269
5231
5270
5232
5271
5233
5272
5234
5273
5235
5274
5236
5275
5237
5276
5238
5277
5239
5278
5279
5241
5280
5242
5281
5243
5282
5244
5283
5245
5284
5246
5285
5247
5286
5248
5287
5249
5288
5250
5289
5251
5290
5252
5291
5253
5292
5254
5293
5255
5294
5256
5295
5257
5296
5258
5297
5259
5298
5260
5299
5261
5300
5262
5301
5263
5302
5264
5303
5265
5304
5266
5305
5267
5306
5268
5307
5269
5308
5270
5309
5271
5310
5272
5311
5273
5312
5274
5313
5275
5314
5276
5315
5277
5316
5278
5317
5279
5318
5319
5281
5320
5282
5321
5283
5322
5284
5323
5285
5324
5286
5325
5287
5326
5288
5327
5289
5328
5290
5329
5291
5330
5292
5331
5293
5332
5294
5333
5295
5334
5296
5335
5297
5336
5298
5337
5299
5338
5300
5339
5301
5340
5302
5341
5303
5342
5304
5343
5305
5344
5306
5345
5307
5346
5308
5347
5309
5348
5310
5349
5311
5350
5312
5351
5313
5352
5314
5353
5315
5354
5316
5355
5317
5356
5318
5357
5319
5358
5359
5321
5360
5322
5361
5323
5362
5324
5363
5325
5364
5326
5365
5327
5366
5328
5367
5329
5368
5330
5369
5331
5370
5332
5371
5333
5372
5334
5373
5335
5374
5336
5375
5337
5376
5338
5377
5339
5378
5340
5379
5341
5380
5342
5381
5343
5382
5344
5383
5345
5384
5346
5385
5347
5386
5348
5387
5349
5388
5350
5389
5351
5390
5352
5391
5353
5392
5354
5393
5355
5394
5356
5395
5357
5396
5358
5397
5359
5398
5399
5361
5400
5362
5401
5363
5402
5364
5403
5365
5404
5366
5405
5367
5406
5368
5407
5369
5408
5370
5409
5371
5410
5372
5411
5373
5412
5374
5413
5375
5414
5376
5415
5377
5416
5378
5417
5379
5418
5380
5419
5381
5420
5382
5421
5383
5422
5384
5423
5385
5424
5386
5425
5387
5426
5388
5427
5389
5428
5390
5429
5391
5430
5392
5431
5393
5432
5394
5433
5395
5434
5396
5435
5397
5436
5398
5437
5399
5438
5439
5401
5440
5402
5441
5403
5442
5404
5443
5405
5444
5406
5445
5407
5446
5408
5447
5409
5448
5410
5449
5411
5450
5412
5451
5413
5452
5414
5453
5415
5454
5416
5455
5417
5456
5418
5457
5419
5458
5420
5459
5421
5460
5422
5461
5423
5462
5424
5463
5425
5464
5426
5465
5427
5466
5428
5467
5429
5468
5430
5469
5431
5470
5432
5471
5433
5472
5434
5473
5435
5474
5436
5475
5437
5476
5438
5477
5439
5478
5479
5441
5480
5442
5481
5443
5482
5444
5483
5445
5484
5446
5485
5447
5486
5448
5487
5449
5488
5450
5489
5451
5490
5452
5491
5453
5492
5454
5493
5455
5494
5456
5495
5457
5496
5458
5497
5459
5498
5460
5499
5461
5500
5462
5501
5463
5502
5464
5503
5465
5504
5466
5505
5467
5506
5468
5507
5469
5508
5470
5509
5471
5510
5472
5511
5473
5512
5474
5513
5475
5514
5476
5515
5477
5516
5478
5517
5479
5518
5519
5481
5520
5482
5521
5483
5522
5484
5523
5485
5524
5486
5525
5487
5526
5488
5527
5489
5528
5490
5529
5491
5530
5492
5531
5493
5532
5494
5533
5495
5534
5496
5535
5497
5536
5498
5537
5499
5538
5500
5539
5501
5540
5502
5541
5503
5542
5504
5543
5505
5544
5506
5545
5507
5546
5508
5547
5509
5548
5510
5549
5511
5550
5512
5551
5513
5552
5514
5553
5515
5554
5516
5555
5517
5556
5518
5557
5519
5558
5559
5521
5560
5522
5561
5523
5562
5524
5563
5525
5564
5526
5565
5527
5566
5528
5567
5529
5568
5530
5569
5531
5570
5532
5571
5533
5572
5534
5573
5535
5574
5536
5575
5537
5576
5538
5577
5539
5578
5540
5579
5541
5580
5542
5581
5543
5582
5544
5583
5545
5584
5546
5585
5547
5586
5548
5587
5549
5588
5550
5589
5551
5590
5552
5591
5553
5592
5554
5593
5555
5594
5556
5595
5557
5596
5558
5597
5559
5598
5599
5561
5600
5562
5601
5563
5602
5564
5603
5565
5604
5566
5605
5567
5606
5568
5607
5569
5608
5570
5609
5571
5610
5572
5611
5573
5612
5574
5613
5575
5614
5576
5615
5577
5616
5578
5617
5579
5618
5580
5619
5581
5620
5582
5621
5583
5622
5584
5623
5585
5624
5586
5625
5587
5626
5588
5627
5589
5628
5590
5629
5591
5630
5592
5631
5593
5632
5594
5633
5595
5634
5596
5635
5597
5636
5598
5637
5599
5638
5639
5601
5640
5602
5641
5603
5642
5604
5643
5605
5644
5606
5645
5607
5646
5608
5647
5609
5648
5610
5649
5611
5650
5612
5651
5613
5652
5614
5653
5615
5654
5616
5655
5617
5656
5618
5657
5619
5658
5620
5659
5621
5660
5622
5661
5623
5662
5624
5663
5625
5664
5626
5665
5627
5666
5628
5667
5629
5668
5630
5669
5631
5670
5632
5671
5633
5672
5634
5673
5635
5674
5636
5675
5637
5676
5638
5677
5639
5678
5679
5641
5680
5642
5681
5643
5682
5644
5683
5645
5684
5646
5685
5647
5686
5648
5687
5649
5688
5650
5689
5651
5690
5652
5691
5653
5692
5654
5693
5655
5694
5656
5695
5657
5696
5658
5697
5659
5698
5660
5699
5661
5700
5662
5701
5663
5702
5664
5703
5665
5704
5666
5705
5667
5706
5668
5707
5669
5708
5670
5709
5671
5710
5672
5711
5673
5712
5674
5713
5675
5714
5676
5715
5677
5716
5678
5717
5679
5718
5719
5681
5720
5682
5721
5683
5722
5684
5723
5685
5724
5686
5725
5687
5726
5688
5727
5689
5728
5690
5729
5691
5730
5692
5731
5693
5732
5694
5733
5695
5734
5696
5735
5697
5736
5698
5737
5699
5738
5700
5739
5701
5740
5702
5741
5703
5742
5704
5743
5705
5744
5706
5745
5707
5746
5708
5747
5709
5748
5710
5749
5711
5750
5712
5751
5713
5752
5714
5753
5715
5754
5716
5755
5717
5756
5718
5757
5719
5758
5759
5721
5760
5722
5761
5723
5762
5724
5763
5725
5764
5726
5765
5727
5766
5728
5767
5729
5768
5730
5769
5731
5770
5732
5771
5733
5772
5734
5773
5735
5774
5736
5775
5737
5776
5738
5777
5739
5778
5740
5779
5741
5780
5742
5781
5743
5782
5744
5783
5745
5784
5746
5785
5747
5786
5748
5787
5749
5788
5750
5789
5751
5790
5752
5791
5753
5792
5754
5793
5755
5794
5756
5795
5757
5796
5758
5797
5759
5798
5799
5761
5800
5762
5801
5763
5802
5764
5803
5765
5804
5766
5805
5767
5806
5768
5807
5769
5808
5770
5809
5771
5810
5772
5811
5773
5812
5774
5813
5775
5814
5776
5815
5777
5816
5778
5817
5779
5818
5780
5819
5781
5820
5782
5821
5783
5822
5784
5823
5785
5824
5786
5825
5787
5826
5788
5827
5789
5828
5790
5829
5791
5830
5792
5831
5793
5832
5794
5833
5795
5834
5796
5835
5797
5836
5798
5837
5799
5838
5839
5801
5840
5802
5841
5803
5842
5804
5843
5805
5844
5806
5845
5807
5846
5808
5847
5809
5848
5810
5849
5811
5850
5812
5851
5813
5852
5814
5853
5815
5854
5816
5855
5817
5856
5818
5857
5819
5858
5820
5859
5821
5860
5822
5861
5823
5862
5824
5863
5825
5864
5826
5865
5827
5866
5828
5867
5829
5868
5830
5869
5831
5870
5832
5871
5833
5872
5834
5873
5835
5874
5836
5875
5837
5876
5838
5877
5839
5878
5879
5841
5880
5842
5881
5843
5882
5844
5883
5845
5884
5846
5885
5847
5886
5848
5887
5849
5888
5850
5889
5851
5890
5852
5891
5853
5892
5854
5893
5855
5894
5856
5895
5857
5896
5858
5897
5859
5898
5860
5899
5861
5900
5862
5901
5863
5902
5864
5903
5865
5904
5866
5905
5867
5906
5868
5907
5869
5908
5870
5909
5871
5910
5872
5911
5873
5912
5874
5913
5875
5914
5876
5915
5877
5916
5878
5917
5879
5918
5919
5881
5920
5882
5921
5883
5922
5884
5923
5885
5924
5886
5925
5887
5926
5888
5927
5889
5928
5890
5929
5891
5930
5892
5931
5893
5932
5894
5933
5895
5934
5896
5935
5897
5936
5898
5937
5899
5938
5900
5939
5901
5940
5902
5941
5903
5942
5904
5943
5905
5944
5906
5945
5907
5946
5908
5947
5909
5948
5910
5949
5911
5950
5912
5951
5913
5952
5914
5953
5915
5954
5916
5955
5917
5956
5918
5957
5919
5958
5959
5921
5960
5922
5961
5923
5962
5924
5963
5925
5964
5926
5965
5927
5966
5928
5967
5929
5968
5930
5969
5931
5970
5932
5971
5933
5972
5934
5973
5935
5974
5936
5975
5937
5976
5938
5977
5939
5978
5940
5979
5941
5980
5942
5981
5943
5982
5944
5983
5945
5984
5946
5985
5947
5986
5948
5987
5949
5988
5950
5989
5951
5990
5952
5991
5953
5992
5954
5993
5955
5994
5956
5995
5957
5996
5958
5997
5959
5998
5999
5961
6000
5962
6001
5963
6002
5964
6003
5965
6004
5966
6005
5967
6006
5968
6007
5969
6008
5970
6009
5971
6010
5972
6011
5973
6012
5974
6013
5975
6014
5976
6015
5977
6016
5978
6017
5979
6018
5980
6019
5981
6020
5982
6021
5983
6022
5984
6023
5985
6024
5986
6025
5987
6026
5988
6027
5989
6028
5990
6029
5991
6030
5992
6031
5993
6032
5994
6033
5995
6034
5996
6035
5997
6036
5998
6037
5999
6038
6039
6001
6040
6002
6041
6003
6042
6004
6043
6005
6044
6006
6045
6007
6046
6008
6047
6009
6048
6010
6049
6011
6050
6012
6051
6013
6052
6014
6053
6015
6054
6016
6055
6017
6056
6018
6057
6019
6058
6020
6059
6021
6060
6022
6061
6023
6062
6024
6063
6025
6064
6026
6065
6027
6066
6028
6067
6029
6068
6030
6069
6031
6070
6032
6071
6033
6072
6034
6073
6035
6074
6036
6075
6037
6076
6038
6077
6039
6078
6079
6041
6080
6042
6081
6043
6082
6044
6083
6045
6084
6046
6085
6047
6086
6048
6087
6049
6088
6050
6089
6051
6090
6052
6091
6053
6092
6054
6093
6055
6094
6056
6095
6057
6096
6058
6097
6059
6098
6060
6099
6061
6100
6062
6101
6063
6102
6064
6103
6065
6104
6066
6105
6067
6106
6068
6107
6069
6108
6070
6109
6071
6110
6072
6111
6073
6112
6074
6113
6075
6114
6076
6115
6077
6116
6078
6117
6079
6118
6119
6081
6120
6082
6121
6083
6122
6084
6123
6085
6124
6086
6125
6087
6126
6088
6127
6089
6128
6090
6129
6091
6130
6092
6131
6093
6132
6094
6133
6095
6134
6096
6135
6097
6136
6098
6137
6099
6138
6100
6139
6101
6140
6102
6141
6103
6142
6104
6143
6105
6144
6106
6145
6107
6146
6108
6147
6109
6148
6110
6149
6111
6150
6112
6151
6113
6152
6114
6153
6115
6154
6116
6155
6117
6156
6118
6157
6119
6158
6159
6121
6160
6122
6161
6123
6162
6124
6163
6125
6164
6126
6165
6127
6166
6128
6167
6129
6168
6130
6169
6131
6170
6132
6171
6133
6172
6134
6173
6135
6174
6136
6175
6137
6176
6138
6177
6139
6178
6140
6179
6141
6180
6142
6181
6143
6182
6144
6183
6145
6184
6146
6185
6147
6186
6148
6187
6149
6188
6150
6189
6151
6190
6152
6191
6153
6192
6154
6193
6155
6194
6156
6195
6157
6196
6158
6197
6159
6198
6199
6161
6200
6162
6201
6163
6202
6164
6203
6165
6204
6166
6205
6167
6206
6168
6207
6169
6208
6170
6209
6171
6210
6172
6211
6173
6212
6174
6213
6175
6214
6176
6215
6177
6216
6178
6217
6179
6218
6180
6219
6181
6220
6182
6221
6183
6222
6184
6223
6185
6224
6186
6225
6187
6226
6188
6227
6189
6228
6190
6229
6191
6230
6192
6231
6193
6232
6194
6233
6195
6234
6196
6235
6197
6236
6198
6237
6199
6238
6239
6201
6240
6202
6241
6203
6242
6204
6243
6205
6244
6206
6245
6207
6246
6208
6247
6209
6248
6210
6249
6211
6250
6212
6251
6213
6252
6214
6253
6215
6254
6216
6255
6217
6256
6218
6257
6219
6258
6220
6259
6221
6260
6222
6261
6223
6262
6224
6263
6225
6264
6226
6265
6227
6266
6228
6267
6229
6268
6230
6269
6231
6270
6232
6271
6233
6272
6234
6273
6235
6274
6236
6275
6237
6276
6238
6277
6239
6278
6279
6241
6280
6242
6281
6243
6282
6244
6283
6245
6284
6246
6285
6247
6286
6248
6287
6249
6288
6250
6289
6251
6290
6252
6291
6253
6292
6254
6293
6255
6294
6256
6295
6257
6296
6258
6297
6259
6298
6260
6299
6261
6300
6262
6301
6263
6302
6264
6303
6265
6304
6266
6305
6267
6306
6268
6307
6269
6308
6270
6309
6271
6310
6272
6311
6273
6312
6274
6313
6275
6314
6276
6315
6277
6316
6278
6317
6279
6318
6319
6281
6320
6282
6321
6283
6322
6284
6323
6285
6324
6286
6325
6287
6326
6288
6327
6289
6328
6290
6329
6291
6330
6292
6331
6293
6332
6294
6333
6295
6334
6296
6335
6297
6336
6298
6337
6299
6338
6300
6339
6301
6340
6302
6341
6303
6342
6304
6343
6305
6344
6306
6345
6307
6346
6308
6347
6309
6348
6310
6349
6311
6350
6312
6351
6313
6352
6314
6353
6315
6354
6316
6355
6317
6356
6318
6357
6319
6358
6359
6321
6360
6322
6361
6323
6362
6324
6363
6325
6364
6326
6365
6327
6366
6328
6367
6329
6368
6330
6369
6331
6370
6332
6371
6333
6372
6334
6373
6335
6374
6336
6375
6337
6376
6338
6377
6339
6378
6340
6379
6341
6380
6342
6381
6343
6382
6344
6383
6345
6384
6346
6385
6347
6386
6348
6387
6349
6388
6350
6389
6351
6390
6352
6391
6353
6392
6354
6393
6355
6394
6356
6395
6357
6396
6358
6397
6359
6398
6399
6361
6362
6363
6364
6365
6366
6367
6368
6369
6370
6371
6372
6373
6374
6375
6376
6377
6378
6379
6380
6381
6382
6383
6384
6385
6386
6387
6388
6389
6390
6391
6392
6393
6394
6395
6396
6397
6398
6399
)


// ************************************************************************* //
