(
6.5115e-02
6.5115e-02
6.5115e-02
6.5115e-02
6.5115e-02
6.5115e-02
6.5115e-02
6.5115e-02
6.5115e-02
6.5115e-02
6.5115e-02
6.5115e-02
6.5115e-02
6.5115e-02
6.5115e-02
6.5115e-02
6.5115e-02
6.5115e-02
6.5115e-02
6.5115e-02
6.5115e-02
6.5115e-02
6.5115e-02
6.5115e-02
6.5115e-02
6.5115e-02
6.5115e-02
6.5115e-02
6.5115e-02
6.5115e-02
6.5115e-02
6.5115e-02
6.5115e-02
6.5115e-02
6.5115e-02
6.5115e-02
6.5115e-02
6.5115e-02
6.5115e-02
6.5115e-02
6.5115e-02
6.5115e-02
6.5115e-02
6.5115e-02
6.5115e-02
6.5115e-02
6.5115e-02
6.5115e-02
6.5115e-02
6.5115e-02
6.5115e-02
6.5115e-02
6.5115e-02
6.5115e-02
6.5115e-02
6.5115e-02
6.5115e-02
6.5115e-02
6.5115e-02
6.5115e-02
6.5115e-02
6.5115e-02
6.5115e-02
6.5115e-02
6.5115e-02
6.5115e-02
6.5115e-02
6.5115e-02
6.5115e-02
6.5115e-02
6.5115e-02
6.5115e-02
6.5115e-02
6.5115e-02
6.5115e-02
6.5115e-02
6.5115e-02
6.5115e-02
6.5115e-02
6.5115e-02
6.5115e-02
6.5115e-02
6.5115e-02
6.5115e-02
)
