(
(6.8309e-02 7.1670e-04 1.1970e-03 4.5279e-02 2.1359e-05 4.4234e-02)
(6.8309e-02 7.1670e-04 1.1970e-03 4.5279e-02 2.1359e-05 4.4234e-02)
(6.8309e-02 7.1670e-04 1.1970e-03 4.5279e-02 2.1359e-05 4.4234e-02)
(6.8309e-02 7.1670e-04 1.1970e-03 4.5279e-02 2.1359e-05 4.4234e-02)
(6.8309e-02 7.1670e-04 1.1970e-03 4.5279e-02 2.1359e-05 4.4234e-02)
(6.8309e-02 7.1670e-04 1.1970e-03 4.5279e-02 2.1359e-05 4.4234e-02)
(6.8309e-02 7.1670e-04 1.1970e-03 4.5279e-02 2.1359e-05 4.4234e-02)
(6.8309e-02 7.1670e-04 1.1970e-03 4.5279e-02 2.1359e-05 4.4234e-02)
(6.8309e-02 7.1670e-04 1.1970e-03 4.5279e-02 2.1359e-05 4.4234e-02)
(6.8309e-02 7.1670e-04 1.1970e-03 4.5279e-02 2.1359e-05 4.4234e-02)
(6.8309e-02 7.1670e-04 1.1970e-03 4.5279e-02 2.1359e-05 4.4234e-02)
(6.8309e-02 7.1670e-04 1.1970e-03 4.5279e-02 2.1359e-05 4.4234e-02)
(6.8309e-02 7.1670e-04 1.1970e-03 4.5279e-02 2.1359e-05 4.4234e-02)
(6.8309e-02 7.1670e-04 1.1970e-03 4.5279e-02 2.1359e-05 4.4234e-02)
(6.8309e-02 7.1670e-04 1.1970e-03 4.5279e-02 2.1359e-05 4.4234e-02)
(6.8309e-02 7.1670e-04 1.1970e-03 4.5279e-02 2.1359e-05 4.4234e-02)
(6.8309e-02 7.1670e-04 1.1970e-03 4.5279e-02 2.1359e-05 4.4234e-02)
(6.8309e-02 7.1670e-04 1.1970e-03 4.5279e-02 2.1359e-05 4.4234e-02)
(6.8309e-02 7.1670e-04 1.1970e-03 4.5279e-02 2.1359e-05 4.4234e-02)
(6.8309e-02 7.1670e-04 1.1970e-03 4.5279e-02 2.1359e-05 4.4234e-02)
(6.8309e-02 7.1670e-04 1.1970e-03 4.5279e-02 2.1359e-05 4.4234e-02)
(6.8309e-02 7.1670e-04 1.1970e-03 4.5279e-02 2.1359e-05 4.4234e-02)
(6.8309e-02 7.1670e-04 1.1970e-03 4.5279e-02 2.1359e-05 4.4234e-02)
(6.8309e-02 7.1670e-04 1.1970e-03 4.5279e-02 2.1359e-05 4.4234e-02)
(6.8309e-02 7.1670e-04 1.1970e-03 4.5279e-02 2.1359e-05 4.4234e-02)
(6.8309e-02 7.1670e-04 1.1970e-03 4.5279e-02 2.1359e-05 4.4234e-02)
(6.8309e-02 7.1670e-04 1.1970e-03 4.5279e-02 2.1359e-05 4.4234e-02)
(6.8309e-02 7.1670e-04 1.1970e-03 4.5279e-02 2.1359e-05 4.4234e-02)
(6.8309e-02 7.1670e-04 1.1970e-03 4.5279e-02 2.1359e-05 4.4234e-02)
(6.8309e-02 7.1670e-04 1.1970e-03 4.5279e-02 2.1359e-05 4.4234e-02)
(6.8309e-02 7.1670e-04 1.1970e-03 4.5279e-02 2.1359e-05 4.4234e-02)
(6.8309e-02 7.1670e-04 1.1970e-03 4.5279e-02 2.1359e-05 4.4234e-02)
(6.8309e-02 7.1670e-04 1.1970e-03 4.5279e-02 2.1359e-05 4.4234e-02)
(6.8309e-02 7.1670e-04 1.1970e-03 4.5279e-02 2.1359e-05 4.4234e-02)
(6.8309e-02 7.1670e-04 1.1970e-03 4.5279e-02 2.1359e-05 4.4234e-02)
(6.8309e-02 7.1670e-04 1.1970e-03 4.5279e-02 2.1359e-05 4.4234e-02)
(6.8309e-02 7.1670e-04 1.1970e-03 4.5279e-02 2.1359e-05 4.4234e-02)
(6.8309e-02 7.1670e-04 1.1970e-03 4.5279e-02 2.1359e-05 4.4234e-02)
(6.8309e-02 7.1670e-04 1.1970e-03 4.5279e-02 2.1359e-05 4.4234e-02)
(6.8309e-02 7.1670e-04 1.1970e-03 4.5279e-02 2.1359e-05 4.4234e-02)
(6.8309e-02 7.1670e-04 1.1970e-03 4.5279e-02 2.1359e-05 4.4234e-02)
(6.8309e-02 7.1670e-04 1.1970e-03 4.5279e-02 2.1359e-05 4.4234e-02)
(6.8309e-02 7.1670e-04 1.1970e-03 4.5279e-02 2.1359e-05 4.4234e-02)
(6.8309e-02 7.1670e-04 1.1970e-03 4.5279e-02 2.1359e-05 4.4234e-02)
(6.8309e-02 7.1670e-04 1.1970e-03 4.5279e-02 2.1359e-05 4.4234e-02)
(6.8309e-02 7.1670e-04 1.1970e-03 4.5279e-02 2.1359e-05 4.4234e-02)
(6.8309e-02 7.1670e-04 1.1970e-03 4.5279e-02 2.1359e-05 4.4234e-02)
(6.8309e-02 7.1670e-04 1.1970e-03 4.5279e-02 2.1359e-05 4.4234e-02)
(6.8309e-02 7.1670e-04 1.1970e-03 4.5279e-02 2.1359e-05 4.4234e-02)
(6.8309e-02 7.1670e-04 1.1970e-03 4.5279e-02 2.1359e-05 4.4234e-02)
(6.8309e-02 7.1670e-04 1.1970e-03 4.5279e-02 2.1359e-05 4.4234e-02)
(6.8309e-02 7.1670e-04 1.1970e-03 4.5279e-02 2.1359e-05 4.4234e-02)
(6.8309e-02 7.1670e-04 1.1970e-03 4.5279e-02 2.1359e-05 4.4234e-02)
(6.8309e-02 7.1670e-04 1.1970e-03 4.5279e-02 2.1359e-05 4.4234e-02)
(6.8309e-02 7.1670e-04 1.1970e-03 4.5279e-02 2.1359e-05 4.4234e-02)
(6.8309e-02 7.1670e-04 1.1970e-03 4.5279e-02 2.1359e-05 4.4234e-02)
(6.8309e-02 7.1670e-04 1.1970e-03 4.5279e-02 2.1359e-05 4.4234e-02)
(6.8309e-02 7.1670e-04 1.1970e-03 4.5279e-02 2.1359e-05 4.4234e-02)
(6.8309e-02 7.1670e-04 1.1970e-03 4.5279e-02 2.1359e-05 4.4234e-02)
(6.8309e-02 7.1670e-04 1.1970e-03 4.5279e-02 2.1359e-05 4.4234e-02)
(6.8309e-02 7.1670e-04 1.1970e-03 4.5279e-02 2.1359e-05 4.4234e-02)
(6.8309e-02 7.1670e-04 1.1970e-03 4.5279e-02 2.1359e-05 4.4234e-02)
(6.8309e-02 7.1670e-04 1.1970e-03 4.5279e-02 2.1359e-05 4.4234e-02)
(6.8309e-02 7.1670e-04 1.1970e-03 4.5279e-02 2.1359e-05 4.4234e-02)
(6.8309e-02 7.1670e-04 1.1970e-03 4.5279e-02 2.1359e-05 4.4234e-02)
(6.8309e-02 7.1670e-04 1.1970e-03 4.5279e-02 2.1359e-05 4.4234e-02)
(6.8309e-02 7.1670e-04 1.1970e-03 4.5279e-02 2.1359e-05 4.4234e-02)
(6.8309e-02 7.1670e-04 1.1970e-03 4.5279e-02 2.1359e-05 4.4234e-02)
(6.8309e-02 7.1670e-04 1.1970e-03 4.5279e-02 2.1359e-05 4.4234e-02)
(6.8309e-02 7.1670e-04 1.1970e-03 4.5279e-02 2.1359e-05 4.4234e-02)
(6.8309e-02 7.1670e-04 1.1970e-03 4.5279e-02 2.1359e-05 4.4234e-02)
(6.8309e-02 7.1670e-04 1.1970e-03 4.5279e-02 2.1359e-05 4.4234e-02)
(6.8309e-02 7.1670e-04 1.1970e-03 4.5279e-02 2.1359e-05 4.4234e-02)
(6.8309e-02 7.1670e-04 1.1970e-03 4.5279e-02 2.1359e-05 4.4234e-02)
(6.8309e-02 7.1670e-04 1.1970e-03 4.5279e-02 2.1359e-05 4.4234e-02)
(6.8309e-02 7.1670e-04 1.1970e-03 4.5279e-02 2.1359e-05 4.4234e-02)
(6.8309e-02 7.1670e-04 1.1970e-03 4.5279e-02 2.1359e-05 4.4234e-02)
(6.8309e-02 7.1670e-04 1.1970e-03 4.5279e-02 2.1359e-05 4.4234e-02)
(6.8309e-02 7.1670e-04 1.1970e-03 4.5279e-02 2.1359e-05 4.4234e-02)
(6.8309e-02 7.1670e-04 1.1970e-03 4.5279e-02 2.1359e-05 4.4234e-02)
(6.8309e-02 7.1670e-04 1.1970e-03 4.5279e-02 2.1359e-05 4.4234e-02)
(6.8309e-02 7.1670e-04 1.1970e-03 4.5279e-02 2.1359e-05 4.4234e-02)
(6.8309e-02 7.1670e-04 1.1970e-03 4.5279e-02 2.1359e-05 4.4234e-02)
(6.8309e-02 7.1670e-04 1.1970e-03 4.5279e-02 2.1359e-05 4.4234e-02)
)
