(
(6.2099e-02 6.5155e-04 1.0881e-03 4.1163e-02 1.9418e-05 4.0213e-02)
(6.2099e-02 6.5155e-04 1.0881e-03 4.1163e-02 1.9418e-05 4.0213e-02)
(6.2099e-02 6.5155e-04 1.0881e-03 4.1163e-02 1.9418e-05 4.0213e-02)
(6.2099e-02 6.5155e-04 1.0881e-03 4.1163e-02 1.9418e-05 4.0213e-02)
(6.2099e-02 6.5155e-04 1.0881e-03 4.1163e-02 1.9418e-05 4.0213e-02)
(6.2099e-02 6.5155e-04 1.0881e-03 4.1163e-02 1.9418e-05 4.0213e-02)
(6.2099e-02 6.5155e-04 1.0881e-03 4.1163e-02 1.9418e-05 4.0213e-02)
(6.2099e-02 6.5155e-04 1.0881e-03 4.1163e-02 1.9418e-05 4.0213e-02)
(6.2099e-02 6.5155e-04 1.0881e-03 4.1163e-02 1.9418e-05 4.0213e-02)
(6.2099e-02 6.5155e-04 1.0881e-03 4.1163e-02 1.9418e-05 4.0213e-02)
(6.2099e-02 6.5155e-04 1.0881e-03 4.1163e-02 1.9418e-05 4.0213e-02)
(6.2099e-02 6.5155e-04 1.0881e-03 4.1163e-02 1.9418e-05 4.0213e-02)
(6.2099e-02 6.5155e-04 1.0881e-03 4.1163e-02 1.9418e-05 4.0213e-02)
(6.2099e-02 6.5155e-04 1.0881e-03 4.1163e-02 1.9418e-05 4.0213e-02)
(6.2099e-02 6.5155e-04 1.0881e-03 4.1163e-02 1.9418e-05 4.0213e-02)
(6.2099e-02 6.5155e-04 1.0881e-03 4.1163e-02 1.9418e-05 4.0213e-02)
(6.2099e-02 6.5155e-04 1.0881e-03 4.1163e-02 1.9418e-05 4.0213e-02)
(6.2099e-02 6.5155e-04 1.0881e-03 4.1163e-02 1.9418e-05 4.0213e-02)
(6.2099e-02 6.5155e-04 1.0881e-03 4.1163e-02 1.9418e-05 4.0213e-02)
(6.2099e-02 6.5155e-04 1.0881e-03 4.1163e-02 1.9418e-05 4.0213e-02)
(6.2099e-02 6.5155e-04 1.0881e-03 4.1163e-02 1.9418e-05 4.0213e-02)
(6.2099e-02 6.5155e-04 1.0881e-03 4.1163e-02 1.9418e-05 4.0213e-02)
(6.2099e-02 6.5155e-04 1.0881e-03 4.1163e-02 1.9418e-05 4.0213e-02)
(6.2099e-02 6.5155e-04 1.0881e-03 4.1163e-02 1.9418e-05 4.0213e-02)
(6.2099e-02 6.5155e-04 1.0881e-03 4.1163e-02 1.9418e-05 4.0213e-02)
(6.2099e-02 6.5155e-04 1.0881e-03 4.1163e-02 1.9418e-05 4.0213e-02)
(6.2099e-02 6.5155e-04 1.0881e-03 4.1163e-02 1.9418e-05 4.0213e-02)
(6.2099e-02 6.5155e-04 1.0881e-03 4.1163e-02 1.9418e-05 4.0213e-02)
(6.2099e-02 6.5155e-04 1.0881e-03 4.1163e-02 1.9418e-05 4.0213e-02)
(6.2099e-02 6.5155e-04 1.0881e-03 4.1163e-02 1.9418e-05 4.0213e-02)
(6.2099e-02 6.5155e-04 1.0881e-03 4.1163e-02 1.9418e-05 4.0213e-02)
(6.2099e-02 6.5155e-04 1.0881e-03 4.1163e-02 1.9418e-05 4.0213e-02)
(6.2099e-02 6.5155e-04 1.0881e-03 4.1163e-02 1.9418e-05 4.0213e-02)
(6.2099e-02 6.5155e-04 1.0881e-03 4.1163e-02 1.9418e-05 4.0213e-02)
(6.2099e-02 6.5155e-04 1.0881e-03 4.1163e-02 1.9418e-05 4.0213e-02)
(6.2099e-02 6.5155e-04 1.0881e-03 4.1163e-02 1.9418e-05 4.0213e-02)
(6.2099e-02 6.5155e-04 1.0881e-03 4.1163e-02 1.9418e-05 4.0213e-02)
(6.2099e-02 6.5155e-04 1.0881e-03 4.1163e-02 1.9418e-05 4.0213e-02)
(6.2099e-02 6.5155e-04 1.0881e-03 4.1163e-02 1.9418e-05 4.0213e-02)
(6.2099e-02 6.5155e-04 1.0881e-03 4.1163e-02 1.9418e-05 4.0213e-02)
(6.2099e-02 6.5155e-04 1.0881e-03 4.1163e-02 1.9418e-05 4.0213e-02)
(6.2099e-02 6.5155e-04 1.0881e-03 4.1163e-02 1.9418e-05 4.0213e-02)
(6.2099e-02 6.5155e-04 1.0881e-03 4.1163e-02 1.9418e-05 4.0213e-02)
(6.2099e-02 6.5155e-04 1.0881e-03 4.1163e-02 1.9418e-05 4.0213e-02)
(6.2099e-02 6.5155e-04 1.0881e-03 4.1163e-02 1.9418e-05 4.0213e-02)
(6.2099e-02 6.5155e-04 1.0881e-03 4.1163e-02 1.9418e-05 4.0213e-02)
(6.2099e-02 6.5155e-04 1.0881e-03 4.1163e-02 1.9418e-05 4.0213e-02)
(6.2099e-02 6.5155e-04 1.0881e-03 4.1163e-02 1.9418e-05 4.0213e-02)
(6.2099e-02 6.5155e-04 1.0881e-03 4.1163e-02 1.9418e-05 4.0213e-02)
(6.2099e-02 6.5155e-04 1.0881e-03 4.1163e-02 1.9418e-05 4.0213e-02)
(6.2099e-02 6.5155e-04 1.0881e-03 4.1163e-02 1.9418e-05 4.0213e-02)
(6.2099e-02 6.5155e-04 1.0881e-03 4.1163e-02 1.9418e-05 4.0213e-02)
(6.2099e-02 6.5155e-04 1.0881e-03 4.1163e-02 1.9418e-05 4.0213e-02)
(6.2099e-02 6.5155e-04 1.0881e-03 4.1163e-02 1.9418e-05 4.0213e-02)
(6.2099e-02 6.5155e-04 1.0881e-03 4.1163e-02 1.9418e-05 4.0213e-02)
(6.2099e-02 6.5155e-04 1.0881e-03 4.1163e-02 1.9418e-05 4.0213e-02)
(6.2099e-02 6.5155e-04 1.0881e-03 4.1163e-02 1.9418e-05 4.0213e-02)
(6.2099e-02 6.5155e-04 1.0881e-03 4.1163e-02 1.9418e-05 4.0213e-02)
(6.2099e-02 6.5155e-04 1.0881e-03 4.1163e-02 1.9418e-05 4.0213e-02)
(6.2099e-02 6.5155e-04 1.0881e-03 4.1163e-02 1.9418e-05 4.0213e-02)
(6.2099e-02 6.5155e-04 1.0881e-03 4.1163e-02 1.9418e-05 4.0213e-02)
(6.2099e-02 6.5155e-04 1.0881e-03 4.1163e-02 1.9418e-05 4.0213e-02)
(6.2099e-02 6.5155e-04 1.0881e-03 4.1163e-02 1.9418e-05 4.0213e-02)
(6.2099e-02 6.5155e-04 1.0881e-03 4.1163e-02 1.9418e-05 4.0213e-02)
(6.2099e-02 6.5155e-04 1.0881e-03 4.1163e-02 1.9418e-05 4.0213e-02)
(6.2099e-02 6.5155e-04 1.0881e-03 4.1163e-02 1.9418e-05 4.0213e-02)
(6.2099e-02 6.5155e-04 1.0881e-03 4.1163e-02 1.9418e-05 4.0213e-02)
(6.2099e-02 6.5155e-04 1.0881e-03 4.1163e-02 1.9418e-05 4.0213e-02)
(6.2099e-02 6.5155e-04 1.0881e-03 4.1163e-02 1.9418e-05 4.0213e-02)
(6.2099e-02 6.5155e-04 1.0881e-03 4.1163e-02 1.9418e-05 4.0213e-02)
(6.2099e-02 6.5155e-04 1.0881e-03 4.1163e-02 1.9418e-05 4.0213e-02)
(6.2099e-02 6.5155e-04 1.0881e-03 4.1163e-02 1.9418e-05 4.0213e-02)
(6.2099e-02 6.5155e-04 1.0881e-03 4.1163e-02 1.9418e-05 4.0213e-02)
(6.2099e-02 6.5155e-04 1.0881e-03 4.1163e-02 1.9418e-05 4.0213e-02)
(6.2099e-02 6.5155e-04 1.0881e-03 4.1163e-02 1.9418e-05 4.0213e-02)
(6.2099e-02 6.5155e-04 1.0881e-03 4.1163e-02 1.9418e-05 4.0213e-02)
(6.2099e-02 6.5155e-04 1.0881e-03 4.1163e-02 1.9418e-05 4.0213e-02)
(6.2099e-02 6.5155e-04 1.0881e-03 4.1163e-02 1.9418e-05 4.0213e-02)
(6.2099e-02 6.5155e-04 1.0881e-03 4.1163e-02 1.9418e-05 4.0213e-02)
(6.2099e-02 6.5155e-04 1.0881e-03 4.1163e-02 1.9418e-05 4.0213e-02)
(6.2099e-02 6.5155e-04 1.0881e-03 4.1163e-02 1.9418e-05 4.0213e-02)
(6.2099e-02 6.5155e-04 1.0881e-03 4.1163e-02 1.9418e-05 4.0213e-02)
(6.2099e-02 6.5155e-04 1.0881e-03 4.1163e-02 1.9418e-05 4.0213e-02)
(6.2099e-02 6.5155e-04 1.0881e-03 4.1163e-02 1.9418e-05 4.0213e-02)
)
