(
(0.0000e+00 -2.4500e+00 0.0000e+00)
(0.0000e+00 -2.3428e+00 0.0000e+00)
(0.0000e+00 -2.2404e+00 0.0000e+00)
(0.0000e+00 -2.1424e+00 0.0000e+00)
(0.0000e+00 -2.0487e+00 0.0000e+00)
(0.0000e+00 -1.9591e+00 0.0000e+00)
(0.0000e+00 -1.8734e+00 0.0000e+00)
(0.0000e+00 -1.7914e+00 0.0000e+00)
(0.0000e+00 -1.7131e+00 0.0000e+00)
(0.0000e+00 -1.6381e+00 0.0000e+00)
(0.0000e+00 -1.5665e+00 0.0000e+00)
(0.0000e+00 -1.4980e+00 0.0000e+00)
(0.0000e+00 -1.4325e+00 0.0000e+00)
(0.0000e+00 -1.3698e+00 0.0000e+00)
(0.0000e+00 -1.3099e+00 0.0000e+00)
(0.0000e+00 -1.2526e+00 0.0000e+00)
(0.0000e+00 -1.1978e+00 0.0000e+00)
(0.0000e+00 -1.1454e+00 0.0000e+00)
(0.0000e+00 -1.0953e+00 0.0000e+00)
(0.0000e+00 -1.0474e+00 0.0000e+00)
(0.0000e+00 -1.0016e+00 0.0000e+00)
(0.0000e+00 -9.5778e-01 0.0000e+00)
(0.0000e+00 -9.1589e-01 0.0000e+00)
(0.0000e+00 -8.7583e-01 0.0000e+00)
(0.0000e+00 -8.3752e-01 0.0000e+00)
(0.0000e+00 -8.0089e-01 0.0000e+00)
(0.0000e+00 -7.6586e-01 0.0000e+00)
(0.0000e+00 -7.3236e-01 0.0000e+00)
(0.0000e+00 -6.8185e-01 0.0000e+00)
(0.0000e+00 -6.3135e-01 0.0000e+00)
(0.0000e+00 -5.8084e-01 0.0000e+00)
(0.0000e+00 -5.3033e-01 0.0000e+00)
(0.0000e+00 -4.7982e-01 0.0000e+00)
(0.0000e+00 -4.2931e-01 0.0000e+00)
(0.0000e+00 -3.7881e-01 0.0000e+00)
(0.0000e+00 -3.2830e-01 0.0000e+00)
(0.0000e+00 -2.7779e-01 0.0000e+00)
(0.0000e+00 -2.2728e-01 0.0000e+00)
(0.0000e+00 -1.7678e-01 0.0000e+00)
(0.0000e+00 -1.2627e-01 0.0000e+00)
(0.0000e+00 -7.5761e-02 0.0000e+00)
(0.0000e+00 -2.5254e-02 0.0000e+00)
(0.0000e+00 2.5254e-02 0.0000e+00)
(0.0000e+00 7.5761e-02 0.0000e+00)
(0.0000e+00 1.2627e-01 0.0000e+00)
(0.0000e+00 1.7678e-01 0.0000e+00)
(0.0000e+00 2.2728e-01 0.0000e+00)
(0.0000e+00 2.7779e-01 0.0000e+00)
(0.0000e+00 3.2830e-01 0.0000e+00)
(0.0000e+00 3.7881e-01 0.0000e+00)
(0.0000e+00 4.2931e-01 0.0000e+00)
(0.0000e+00 4.7982e-01 0.0000e+00)
(0.0000e+00 5.3033e-01 0.0000e+00)
(0.0000e+00 5.8084e-01 0.0000e+00)
(0.0000e+00 6.3135e-01 0.0000e+00)
(0.0000e+00 6.8185e-01 0.0000e+00)
(0.0000e+00 7.3236e-01 0.0000e+00)
(0.0000e+00 7.6586e-01 0.0000e+00)
(0.0000e+00 8.0089e-01 0.0000e+00)
(0.0000e+00 8.3752e-01 0.0000e+00)
(0.0000e+00 8.7583e-01 0.0000e+00)
(0.0000e+00 9.1589e-01 0.0000e+00)
(0.0000e+00 9.5778e-01 0.0000e+00)
(0.0000e+00 1.0016e+00 0.0000e+00)
(0.0000e+00 1.0474e+00 0.0000e+00)
(0.0000e+00 1.0953e+00 0.0000e+00)
(0.0000e+00 1.1454e+00 0.0000e+00)
(0.0000e+00 1.1978e+00 0.0000e+00)
(0.0000e+00 1.2526e+00 0.0000e+00)
(0.0000e+00 1.3099e+00 0.0000e+00)
(0.0000e+00 1.3698e+00 0.0000e+00)
(0.0000e+00 1.4325e+00 0.0000e+00)
(0.0000e+00 1.4980e+00 0.0000e+00)
(0.0000e+00 1.5665e+00 0.0000e+00)
(0.0000e+00 1.6381e+00 0.0000e+00)
(0.0000e+00 1.7131e+00 0.0000e+00)
(0.0000e+00 1.7914e+00 0.0000e+00)
(0.0000e+00 1.8734e+00 0.0000e+00)
(0.0000e+00 1.9591e+00 0.0000e+00)
(0.0000e+00 2.0487e+00 0.0000e+00)
(0.0000e+00 2.1424e+00 0.0000e+00)
(0.0000e+00 2.2404e+00 0.0000e+00)
(0.0000e+00 2.3428e+00 0.0000e+00)
(0.0000e+00 2.4500e+00 0.0000e+00)
)
