(
(1.7505e+00 -4.6970e-01 7.1117e-03 6.7088e-01 6.0516e-04 8.6555e-01)
(1.6860e+00 -4.4792e-01 8.5339e-03 6.4703e-01 -4.1107e-04 8.3005e-01)
(1.6214e+00 -4.2804e-01 1.0760e-02 6.2558e-01 -9.5385e-04 7.9701e-01)
(1.5580e+00 -4.0961e-01 1.3571e-02 6.0633e-01 -1.0031e-03 7.6724e-01)
(1.4959e+00 -3.9249e-01 1.8521e-02 5.8920e-01 -1.5753e-03 7.3930e-01)
(1.4350e+00 -3.7638e-01 2.2827e-02 5.7421e-01 -2.2947e-03 7.1244e-01)
(1.3762e+00 -3.6071e-01 2.4059e-02 5.6138e-01 -2.6727e-03 6.8664e-01)
(1.3207e+00 -3.4544e-01 2.3217e-02 5.5015e-01 -2.6902e-03 6.6270e-01)
(1.2696e+00 -3.3079e-01 2.1549e-02 5.4004e-01 -2.5180e-03 6.4165e-01)
(1.2232e+00 -3.1683e-01 1.9554e-02 5.3064e-01 -2.5307e-03 6.2286e-01)
(1.1816e+00 -3.0358e-01 1.7203e-02 5.2173e-01 -2.7944e-03 6.0618e-01)
(1.1433e+00 -2.9092e-01 1.4692e-02 5.1324e-01 -3.0322e-03 5.9114e-01)
(1.1068e+00 -2.7877e-01 1.2509e-02 5.0518e-01 -3.1386e-03 5.7687e-01)
(1.0713e+00 -2.6703e-01 1.0827e-02 4.9752e-01 -3.2018e-03 5.6323e-01)
(1.0373e+00 -2.5569e-01 9.4946e-03 4.9029e-01 -3.2714e-03 5.5047e-01)
(1.0054e+00 -2.4476e-01 8.4453e-03 4.8355e-01 -3.3379e-03 5.3868e-01)
(9.7589e-01 -2.3424e-01 7.8090e-03 4.7734e-01 -3.3852e-03 5.2785e-01)
(9.4894e-01 -2.2416e-01 7.6696e-03 4.7165e-01 -3.4261e-03 5.1791e-01)
(9.2445e-01 -2.1458e-01 7.9446e-03 4.6642e-01 -3.4903e-03 5.0879e-01)
(9.0249e-01 -2.0551e-01 8.5004e-03 4.6165e-01 -3.6359e-03 5.0056e-01)
(8.8241e-01 -1.9683e-01 9.1725e-03 4.5726e-01 -3.8507e-03 4.9305e-01)
(8.6389e-01 -1.8852e-01 9.8643e-03 4.5318e-01 -4.1059e-03 4.8619e-01)
(8.4673e-01 -1.8056e-01 1.0529e-02 4.4938e-01 -4.3850e-03 4.7992e-01)
(8.3114e-01 -1.7297e-01 1.0943e-02 4.4592e-01 -4.6366e-03 4.7449e-01)
(8.1658e-01 -1.6571e-01 1.1173e-02 4.4269e-01 -4.8465e-03 4.6944e-01)
(8.0305e-01 -1.5877e-01 1.1204e-02 4.3969e-01 -5.0119e-03 4.6476e-01)
(7.9062e-01 -1.5212e-01 1.0931e-02 4.3701e-01 -5.1013e-03 4.6029e-01)
(7.7886e-01 -1.4576e-01 1.0594e-02 4.3449e-01 -5.1673e-03 4.5602e-01)
(7.6190e-01 -1.3613e-01 9.6868e-03 4.3105e-01 -5.1135e-03 4.4956e-01)
(7.4553e-01 -1.2643e-01 8.6886e-03 4.2789e-01 -4.9160e-03 4.4315e-01)
(7.2969e-01 -1.1669e-01 7.7513e-03 4.2501e-01 -4.6120e-03 4.3699e-01)
(7.1442e-01 -1.0692e-01 6.9636e-03 4.2239e-01 -4.2329e-03 4.3128e-01)
(6.9978e-01 -9.7132e-02 6.4030e-03 4.2004e-01 -3.8055e-03 4.2617e-01)
(6.8585e-01 -8.7362e-02 6.1710e-03 4.1797e-01 -3.3490e-03 4.2172e-01)
(6.7302e-01 -7.7574e-02 6.3813e-03 4.1628e-01 -2.8923e-03 4.1792e-01)
(6.6117e-01 -6.7703e-02 6.8124e-03 4.1488e-01 -2.4344e-03 4.1457e-01)
(6.5041e-01 -5.7714e-02 7.3803e-03 4.1376e-01 -1.9779e-03 4.1161e-01)
(6.4090e-01 -4.7574e-02 8.0668e-03 4.1290e-01 -1.5382e-03 4.0897e-01)
(6.3286e-01 -3.7258e-02 8.8809e-03 4.1229e-01 -1.1360e-03 4.0658e-01)
(6.2670e-01 -2.6744e-02 9.7979e-03 4.1191e-01 -7.8999e-04 4.0446e-01)
(6.2280e-01 -1.6078e-02 1.0527e-02 4.1171e-01 -4.7695e-04 4.0290e-01)
(6.2086e-01 -5.3640e-03 1.0908e-02 4.1162e-01 -1.5986e-04 4.0207e-01)
(6.2086e-01 5.3640e-03 1.0908e-02 4.1162e-01 1.5986e-04 4.0207e-01)
(6.2280e-01 1.6078e-02 1.0527e-02 4.1171e-01 4.7695e-04 4.0290e-01)
(6.2670e-01 2.6744e-02 9.7979e-03 4.1191e-01 7.8999e-04 4.0446e-01)
(6.3286e-01 3.7258e-02 8.8809e-03 4.1229e-01 1.1360e-03 4.0658e-01)
(6.4090e-01 4.7574e-02 8.0668e-03 4.1290e-01 1.5382e-03 4.0897e-01)
(6.5041e-01 5.7714e-02 7.3803e-03 4.1376e-01 1.9779e-03 4.1161e-01)
(6.6117e-01 6.7703e-02 6.8124e-03 4.1488e-01 2.4344e-03 4.1457e-01)
(6.7302e-01 7.7574e-02 6.3813e-03 4.1628e-01 2.8923e-03 4.1792e-01)
(6.8585e-01 8.7362e-02 6.1710e-03 4.1797e-01 3.3490e-03 4.2172e-01)
(6.9978e-01 9.7132e-02 6.4030e-03 4.2004e-01 3.8055e-03 4.2617e-01)
(7.1442e-01 1.0692e-01 6.9636e-03 4.2239e-01 4.2329e-03 4.3128e-01)
(7.2969e-01 1.1669e-01 7.7513e-03 4.2501e-01 4.6120e-03 4.3699e-01)
(7.4553e-01 1.2643e-01 8.6886e-03 4.2789e-01 4.9160e-03 4.4315e-01)
(7.6190e-01 1.3613e-01 9.6868e-03 4.3105e-01 5.1135e-03 4.4956e-01)
(7.7886e-01 1.4576e-01 1.0594e-02 4.3449e-01 5.1673e-03 4.5602e-01)
(7.9062e-01 1.5212e-01 1.0931e-02 4.3701e-01 5.1013e-03 4.6029e-01)
(8.0305e-01 1.5877e-01 1.1204e-02 4.3969e-01 5.0119e-03 4.6476e-01)
(8.1658e-01 1.6571e-01 1.1173e-02 4.4269e-01 4.8465e-03 4.6944e-01)
(8.3114e-01 1.7297e-01 1.0943e-02 4.4592e-01 4.6366e-03 4.7449e-01)
(8.4673e-01 1.8056e-01 1.0529e-02 4.4938e-01 4.3850e-03 4.7992e-01)
(8.6389e-01 1.8852e-01 9.8643e-03 4.5318e-01 4.1059e-03 4.8619e-01)
(8.8241e-01 1.9683e-01 9.1725e-03 4.5726e-01 3.8507e-03 4.9305e-01)
(9.0249e-01 2.0551e-01 8.5004e-03 4.6165e-01 3.6359e-03 5.0056e-01)
(9.2445e-01 2.1458e-01 7.9446e-03 4.6642e-01 3.4903e-03 5.0879e-01)
(9.4894e-01 2.2416e-01 7.6696e-03 4.7165e-01 3.4261e-03 5.1791e-01)
(9.7589e-01 2.3424e-01 7.8090e-03 4.7734e-01 3.3852e-03 5.2785e-01)
(1.0054e+00 2.4476e-01 8.4453e-03 4.8355e-01 3.3379e-03 5.3868e-01)
(1.0373e+00 2.5569e-01 9.4946e-03 4.9029e-01 3.2714e-03 5.5047e-01)
(1.0713e+00 2.6703e-01 1.0827e-02 4.9752e-01 3.2018e-03 5.6323e-01)
(1.1068e+00 2.7877e-01 1.2509e-02 5.0518e-01 3.1386e-03 5.7687e-01)
(1.1433e+00 2.9092e-01 1.4692e-02 5.1324e-01 3.0322e-03 5.9114e-01)
(1.1816e+00 3.0358e-01 1.7203e-02 5.2173e-01 2.7944e-03 6.0618e-01)
(1.2232e+00 3.1683e-01 1.9554e-02 5.3064e-01 2.5307e-03 6.2286e-01)
(1.2696e+00 3.3079e-01 2.1549e-02 5.4004e-01 2.5180e-03 6.4165e-01)
(1.3207e+00 3.4544e-01 2.3217e-02 5.5015e-01 2.6902e-03 6.6270e-01)
(1.3762e+00 3.6071e-01 2.4059e-02 5.6138e-01 2.6727e-03 6.8664e-01)
(1.4350e+00 3.7638e-01 2.2827e-02 5.7421e-01 2.2947e-03 7.1244e-01)
(1.4959e+00 3.9249e-01 1.8521e-02 5.8920e-01 1.5753e-03 7.3930e-01)
(1.5580e+00 4.0961e-01 1.3571e-02 6.0633e-01 1.0031e-03 7.6724e-01)
(1.6214e+00 4.2804e-01 1.0760e-02 6.2558e-01 9.5385e-04 7.9701e-01)
(1.6860e+00 4.4792e-01 8.5339e-03 6.4703e-01 4.1107e-04 8.3005e-01)
(1.7505e+00 4.6970e-01 7.1117e-03 6.7088e-01 -6.0516e-04 8.6555e-01)
)
