/*--------------------------------*- C++ -*----------------------------------*\
| =========                 |                                                 |
| \\      /  F ield         | OpenFOAM: The Open Source CFD Toolbox           |
|  \\    /   O peration     | Version:  2312                                  |
|   \\  /    A nd           | Website:  www.openfoam.com                      |
|    \\/     M anipulation  |                                                 |
\*---------------------------------------------------------------------------*/
FoamFile
{
    version     2.0;
    format      ascii;
    arch        "LSB;label=32;scalar=64";
    class       volVectorField;
    location    "0.6";
    object      U;
}
// * * * * * * * * * * * * * * * * * * * * * * * * * * * * * * * * * * * * * //

dimensions      [0 1 -1 0 0 0 0];

internalField   nonuniform List<vector> 
1600
(
(6.06054e-05 -6.05039e-05 0)
(0.000156108 -5.71269e-05 0)
(0.000157008 -7.01548e-06 0)
(6.553e-06 5.24925e-05 0)
(-0.000303661 0.000108043 0)
(-0.000757228 0.00015492 0)
(-0.00132967 0.00019176 0)
(-0.00199399 0.000218607 0)
(-0.00272295 0.000236037 0)
(-0.00349026 0.000244799 0)
(-0.00427116 0.000245683 0)
(-0.00504279 0.000239474 0)
(-0.00578427 0.000226935 0)
(-0.00647683 0.000208798 0)
(-0.00710384 0.000185774 0)
(-0.00765079 0.000158554 0)
(-0.00810535 0.000127819 0)
(-0.00845737 9.42488e-05 0)
(-0.00869892 5.85338e-05 0)
(-0.00882436 2.13819e-05 0)
(-0.00883039 -1.64722e-05 0)
(-0.00871615 -5.42616e-05 0)
(-0.00848333 -9.11832e-05 0)
(-0.00813622 -0.000126398 0)
(-0.00768184 -0.000159034 0)
(-0.00712997 -0.000188192 0)
(-0.00649318 -0.000212958 0)
(-0.00578681 -0.000232417 0)
(-0.00502892 -0.00024567 0)
(-0.00424012 -0.00025185 0)
(-0.00344333 -0.000250142 0)
(-0.00266353 -0.000239805 0)
(-0.00192723 -0.000220203 0)
(-0.00126197 -0.000190851 0)
(-0.000695346 -0.00015155 0)
(-0.000253618 -0.00010272 0)
(4.06778e-05 -4.62455e-05 0)
(0.000174386 1.26384e-05 0)
(0.000160459 6.02268e-05 0)
(6.03125e-05 6.00752e-05 0)
(5.87256e-05 -0.000156974 0)
(7.25708e-05 -6.93971e-05 0)
(-0.000178706 0.000182575 0)
(-0.000773506 0.000477361 0)
(-0.0017263 0.000761592 0)
(-0.00301052 0.0010101 0)
(-0.00457754 0.00121159 0)
(-0.00636794 0.00136214 0)
(-0.0083179 0.00146167 0)
(-0.0103632 0.00151209 0)
(-0.0124414 0.00151636 0)
(-0.0144938 0.00147805 0)
(-0.0164657 0.00140104 0)
(-0.0183074 0.00128938 0)
(-0.0199748 0.0011472 0)
(-0.0214289 0.000978711 0)
(-0.0226368 0.000788164 0)
(-0.0235712 0.000579897 0)
(-0.0242109 0.000358343 0)
(-0.0245411 0.000128066 0)
(-0.0245533 -0.000106217 0)
(-0.0242455 -0.000339618 0)
(-0.0236228 -0.000567076 0)
(-0.0226971 -0.000783368 0)
(-0.0214876 -0.000983143 0)
(-0.0200208 -0.00116098 0)
(-0.0183302 -0.00131147 0)
(-0.0164567 -0.00142931 0)
(-0.0144477 -0.00150944 0)
(-0.012357 -0.0015472 0)
(-0.0102436 -0.00153849 0)
(-0.00817097 -0.00148004 0)
(-0.00620522 -0.00136967 0)
(-0.00441317 -0.00120682 0)
(-0.00285929 -0.000993377 0)
(-0.00160139 -0.000735402 0)
(-0.000683978 -0.000446453 0)
(-0.000127237 -0.000153707 0)
(9.19824e-05 8.83651e-05 0)
(6.17817e-05 0.000160845 0)
(1.14539e-05 -0.000162803 0)
(-0.000172101 0.00017878 0)
(-0.000804771 0.000814713 0)
(-0.00193267 0.00153761 0)
(-0.00355667 0.00224041 0)
(-0.00564076 0.0028636 0)
(-0.00812008 0.00337558 0)
(-0.0109131 0.00376196 0)
(-0.0139302 0.00401859 0)
(-0.0170794 0.00414743 0)
(-0.0202698 0.00415417 0)
(-0.0234147 0.00404679 0)
(-0.0264325 0.00383475 0)
(-0.029249 0.00352835 0)
(-0.031797 0.00313852 0)
(-0.0340179 0.00267655 0)
(-0.0358614 0.0021541 0)
(-0.0372863 0.00158312 0)
(-0.0382606 0.000975906 0)
(-0.0387618 0.000345122 0)
(-0.0387772 -0.000296153 0)
(-0.0383043 -0.000934416 0)
(-0.0373511 -0.00155575 0)
(-0.0359361 -0.0021459 0)
(-0.0340887 -0.00269033 0)
(-0.0318492 -0.00317448 0)
(-0.0292686 -0.00358391 0)
(-0.0264082 -0.0039047 0)
(-0.0233393 -0.00412374 0)
(-0.0201419 -0.00422926 0)
(-0.0169034 -0.00421137 0)
(-0.0137168 -0.0040628 0)
(-0.010678 -0.00377983 0)
(-0.0078825 -0.00336372 0)
(-0.0054209 -0.00282292 0)
(-0.00337277 -0.00217675 0)
(-0.00179783 -0.00146187 0)
(-0.000724069 -0.000742116 0)
(-0.000139131 -0.000126793 0)
(1.76569e-05 0.000180132 0)
(-4.54587e-05 -2.18819e-05 0)
(-0.000464788 0.000768881 0)
(-0.00153666 0.00194313 0)
(-0.00324434 0.00322922 0)
(-0.0055587 0.00447142 0)
(-0.0084287 0.00557482 0)
(-0.0117733 0.00648441 0)
(-0.0154925 0.00717207 0)
(-0.0194764 0.0076272 0)
(-0.0236116 0.00785049 0)
(-0.0277853 0.00785008 0)
(-0.0318885 0.007639 0)
(-0.0358187 0.00723353 0)
(-0.0394816 0.00665207 0)
(-0.042792 0.00591449 0)
(-0.0456749 0.00504172 0)
(-0.0480663 0.00405551 0)
(-0.0499133 0.00297834 0)
(-0.0511752 0.00183341 0)
(-0.0518233 0.000644625 0)
(-0.0518416 -0.000563318 0)
(-0.0512271 -0.00176499 0)
(-0.0499902 -0.00293425 0)
(-0.0481548 -0.00404442 0)
(-0.0457588 -0.00506847 0)
(-0.0428536 -0.00597937 0)
(-0.0395042 -0.00675059 0)
(-0.0357886 -0.00735667 0)
(-0.031797 -0.00777396 0)
(-0.0276301 -0.00798156 0)
(-0.0233979 -0.00796243 0)
(-0.0192162 -0.00770475 0)
(-0.0152044 -0.00720379 0)
(-0.0114803 -0.00646432 0)
(-0.00815521 -0.00550422 0)
(-0.00532731 -0.00435997 0)
(-0.00307209 -0.00309512 0)
(-0.00143148 -0.00181196 0)
(-0.000420583 -0.000670556 0)
(-3.67579e-05 5.96808e-05 0)
(-0.000100579 0.000278998 0)
(-0.000761813 0.00173082 0)
(-0.00229157 0.00359496 0)
(-0.00459694 0.00556025 0)
(-0.00760834 0.00743392 0)
(-0.0112537 0.00909082 0)
(-0.0154332 0.010454 0)
(-0.0200287 0.0114814 0)
(-0.0249125 0.0121551 0)
(-0.0299532 0.012474 0)
(-0.0350199 0.0124486 0)
(-0.0399861 0.0120973 0)
(-0.0447322 0.0114439 0)
(-0.049148 0.0105163 0)
(-0.0531337 0.00934488 0)
(-0.0566014 0.00796198 0)
(-0.0594757 0.00640153 0)
(-0.0616947 0.00469875 0)
(-0.0632102 0.00289006 0)
(-0.0639888 0.00101308 0)
(-0.0640117 -0.000893405 0)
(-0.0632753 -0.00278949 0)
(-0.0617921 -0.00463424 0)
(-0.0595901 -0.00638598 0)
(-0.0567137 -0.00800261 0)
(-0.0532234 -0.00944223 0)
(-0.0491951 -0.0106638 0)
(-0.0447203 -0.0116283 0)
(-0.0399039 -0.0122997 0)
(-0.0348638 -0.0126464 0)
(-0.0297275 -0.0126434 0)
(-0.02463 -0.0122738 0)
(-0.0197096 -0.0115322 0)
(-0.0151032 -0.0104275 0)
(-0.0109411 -0.00898816 0)
(-0.00734005 -0.00726852 0)
(-0.00439423 -0.00535818 0)
(-0.00216584 -0.00339361 0)
(-0.000708018 -0.00157533 0)
(-8.9737e-05 -0.000215152 0)
(-0.000150852 0.000733414 0)
(-0.00104669 0.00306532 0)
(-0.00303179 0.00577744 0)
(-0.00593461 0.00853801 0)
(-0.00963998 0.0111288 0)
(-0.01405 0.0134016 0)
(-0.0190431 0.0152611 0)
(-0.0244817 0.0166531 0)
(-0.0302207 0.0175535 0)
(-0.0361123 0.0179595 0)
(-0.0420101 0.0178845 0)
(-0.0477727 0.0173528 0)
(-0.0532666 0.0163968 0)
(-0.0583685 0.0150548 0)
(-0.0629671 0.0133689 0)
(-0.0669639 0.0113846 0)
(-0.0702746 0.00914955 0)
(-0.0728299 0.00671353 0)
(-0.0745759 0.00412804 0)
(-0.075475 0.00144632 0)
(-0.075506 -0.00127674 0)
(-0.0746649 -0.00398471 0)
(-0.0729653 -0.00661982 0)
(-0.0704385 -0.00912329 0)
(-0.0671339 -0.0114359 0)
(-0.0631185 -0.0134989 0)
(-0.0584773 -0.0152549 0)
(-0.053312 -0.0166493 0)
(-0.0477397 -0.0176321 0)
(-0.0418919 -0.0181598 0)
(-0.0359112 -0.0181981 0)
(-0.0299487 -0.0177245 0)
(-0.0241597 -0.0167323 0)
(-0.0186991 -0.0152344 0)
(-0.0137158 -0.0132691 0)
(-0.009347 -0.0109074 0)
(-0.00570905 -0.00826171 0)
(-0.00288941 -0.00549688 0)
(-0.000984639 -0.00284359 0)
(-0.000138053 -0.000638675 0)
(-0.000196181 0.001331 0)
(-0.00131505 0.00476089 0)
(-0.00374348 0.00848283 0)
(-0.00723413 0.0121568 0)
(-0.0116246 0.0155489 0)
(-0.0167882 0.0184947 0)
(-0.0225788 0.0208858 0)
(-0.0288379 0.0226591 0)
(-0.0354023 0.0237858 0)
(-0.0421084 0.0242634 0)
(-0.0487952 0.0241089 0)
(-0.0553085 0.0233537 0)
(-0.0615029 0.0220397 0)
(-0.0672443 0.0202168 0)
(-0.0724119 0.0179401 0)
(-0.0768987 0.0152694 0)
(-0.0806135 0.0122675 0)
(-0.083481 0.00900012 0)
(-0.0854425 0.00553524 0)
(-0.0864572 0.00194328 0)
(-0.0865017 -0.00170327 0)
(-0.0855713 -0.0053299 0)
(-0.0836803 -0.00886035 0)
(-0.0808619 -0.0122172 0)
(-0.077169 -0.0153224 0)
(-0.0726739 -0.0180986 0)
(-0.0674679 -0.0204703 0)
(-0.0616609 -0.0223659 0)
(-0.0553802 -0.0237198 0)
(-0.0487685 -0.0244751 0)
(-0.0419816 -0.0245868 0)
(-0.0351852 -0.0240256 0)
(-0.0285508 -0.022782 0)
(-0.0222512 -0.0208716 0)
(-0.0164553 -0.0183409 0)
(-0.0113229 -0.0152748 0)
(-0.00699548 -0.0118046 0)
(-0.0035893 -0.0081175 0)
(-0.00124628 -0.00446593 0)
(-0.000181581 -0.00120115 0)
(-0.000237496 0.00206203 0)
(-0.0015681 0.00680292 0)
(-0.00442555 0.0116976 0)
(-0.00849126 0.0164049 0)
(-0.013556 0.0206828 0)
(-0.0194624 0.0243571 0)
(-0.026038 0.0273115 0)
(-0.0331017 0.0294775 0)
(-0.0404715 0.0308249 0)
(-0.0479675 0.0313534 0)
(-0.0554152 0.0310856 0)
(-0.0626479 0.0300613 0)
(-0.0695101 0.0283335 0)
(-0.0758587 0.0259645 0)
(-0.0815647 0.023024 0)
(-0.0865147 0.0195869 0)
(-0.0906116 0.0157323 0)
(-0.0937755 0.011543 0)
(-0.0959442 0.0071046 0)
(-0.0970736 0.00250571 0)
(-0.0971386 -0.00216243 0)
(-0.0961336 -0.00680608 0)
(-0.0940726 -0.0113294 0)
(-0.0909901 -0.0156348 0)
(-0.0869409 -0.0196244 0)
(-0.0820008 -0.0232006 0)
(-0.076266 -0.0262685 0)
(-0.0698529 -0.0287378 0)
(-0.0628966 -0.0305254 0)
(-0.0555498 -0.0315595 0)
(-0.0479802 -0.0317826 0)
(-0.0403674 -0.0311565 0)
(-0.0328993 -0.0296672 0)
(-0.0257673 -0.0273307 0)
(-0.0191617 -0.0241989 0)
(-0.013267 -0.0203671 0)
(-0.0082528 -0.0159817 0)
(-0.00426624 -0.0112467 0)
(-0.00149476 -0.00643059 0)
(-0.000221335 -0.00189368 0)
(-0.000275936 0.00291867 0)
(-0.00180919 0.00917796 0)
(-0.00508293 0.0154081 0)
(-0.0097117 0.0212704 0)
(-0.0154405 0.0265198 0)
(-0.0220804 0.0309782 0)
(-0.0294315 0.0345258 0)
(-0.0372886 0.0370933 0)
(-0.0454499 0.0386524 0)
(-0.053719 0.0392079 0)
(-0.0619077 0.0387901 0)
(-0.0698382 0.0374495 0)
(-0.0773452 0.0352512 0)
(-0.0842778 0.032272 0)
(-0.0905007 0.0285968 0)
(-0.0958951 0.024317 0)
(-0.100359 0.0195289 0)
(-0.10381 0.0143331 0)
(-0.106182 0.00883365 0)
(-0.107428 0.00313802 0)
(-0.107523 -0.00264304 0)
(-0.106458 -0.00839583 0)
(-0.104247 -0.014004 0)
(-0.100924 -0.0193491 0)
(-0.0965457 -0.024312 0)
(-0.0911893 -0.028774 0)
(-0.0849543 -0.0326189 0)
(-0.0779617 -0.0357362 0)
(-0.0703535 -0.0380238 0)
(-0.0622909 -0.0393925 0)
(-0.0539527 -0.0397702 0)
(-0.0455324 -0.0391075 0)
(-0.0372342 -0.037383 0)
(-0.0292695 -0.03461 0)
(-0.0218518 -0.0308428 0)
(-0.0151926 -0.0261835 0)
(-0.00949127 -0.0207893 0)
(-0.00492767 -0.0148771 0)
(-0.00173437 -0.00872802 0)
(-0.000258614 -0.00270968 0)
(-0.000312557 0.00389539 0)
(-0.0020422 0.0118756 0)
(-0.00572293 0.0196032 0)
(-0.0109056 0.0267432 0)
(-0.0172906 0.0330513 0)
(-0.0246572 0.0383497 0)
(-0.0327765 0.0425201 0)
(-0.0414188 0.0454963 0)
(-0.0503615 0.0472559 0)
(-0.0593914 0.0478118 0)
(-0.0683065 0.0472053 0)
(-0.076918 0.0454994 0)
(-0.0850522 0.0427737 0)
(-0.0925514 0.0391206 0)
(-0.0992749 0.0346419 0)
(-0.1051 0.0294461 0)
(-0.109921 0.0236478 0)
(-0.113652 0.0173659 0)
(-0.116226 0.0107232 0)
(-0.117594 0.00384671 0)
(-0.117728 -0.00313309 0)
(-0.116618 -0.0100821 0)
(-0.114277 -0.016863 0)
(-0.110737 -0.0233358 0)
(-0.106055 -0.0293593 0)
(-0.100308 -0.0347924 0)
(-0.0935981 -0.0394966 0)
(-0.0860489 -0.0433392 0)
(-0.0778076 -0.046197 0)
(-0.0690434 -0.0479611 0)
(-0.0599454 -0.048542 0)
(-0.0507208 -0.0478759 0)
(-0.041591 -0.0459308 0)
(-0.0327884 -0.0427138 0)
(-0.0245513 -0.0382776 0)
(-0.0171202 -0.0327276 0)
(-0.0107265 -0.0262282 0)
(-0.0055839 -0.0190062 0)
(-0.00197015 -0.0113532 0)
(-0.000294679 -0.00364543 0)
(-0.000348261 0.00498889 0)
(-0.00227092 0.0148893 0)
(-0.00635342 0.0242756 0)
(-0.0120849 0.0328165 0)
(-0.0191214 0.0402712 0)
(-0.0272102 0.0464659 0)
(-0.036093 0.0512879 0)
(-0.0455142 0.0546786 0)
(-0.05523 0.0566254 0)
(-0.0650099 0.0571533 0)
(-0.0746385 0.0563173 0)
(-0.0839164 0.0541957 0)
(-0.0926621 0.0508851 0)
(-0.100712 0.0464951 0)
(-0.107921 0.0411456 0)
(-0.114164 0.0349636 0)
(-0.119334 0.0280821 0)
(-0.123341 0.0206389 0)
(-0.126118 0.0127761 0)
(-0.127614 0.00463989 0)
(-0.127798 -0.00361935 0)
(-0.126659 -0.0118471 0)
(-0.124208 -0.0198848 0)
(-0.120476 -0.0275708 0)
(-0.115516 -0.034741 0)
(-0.109405 -0.0412311 0)
(-0.102245 -0.0468787 0)
(-0.0941615 -0.0515272 0)
(-0.0853054 -0.0550299 0)
(-0.0758524 -0.0572555 0)
(-0.0660015 -0.0580937 0)
(-0.0559733 -0.0574627 0)
(-0.0460072 -0.0553161 0)
(-0.0363575 -0.0516505 0)
(-0.0272892 -0.0465131 0)
(-0.0190736 -0.0400085 0)
(-0.0119762 -0.0323049 0)
(-0.0062462 -0.023637 0)
(-0.00220724 -0.0143064 0)
(-0.000330675 -0.00470005 0)
(-0.000383799 0.00619781 0)
(-0.00249879 0.0182163 0)
(-0.006982 0.029422 0)
(-0.0132611 0.0394873 0)
(-0.0209481 0.0481765 0)
(-0.0297572 0.0553233 0)
(-0.0394001 0.0608244 0)
(-0.0495947 0.0646335 0)
(-0.0600753 0.066752 0)
(-0.0705942 0.0672208 0)
(-0.0809224 0.0661122 0)
(-0.0908508 0.0635234 0)
(-0.100191 0.0595697 0)
(-0.108774 0.0543804 0)
(-0.116454 0.0480946 0)
(-0.123101 0.0408588 0)
(-0.128609 0.0328253 0)
(-0.132888 0.0241506 0)
(-0.135868 0.014996 0)
(-0.137498 0.00552673 0)
(-0.137745 -0.00408732 0)
(-0.136596 -0.0136715 0)
(-0.134058 -0.0230464 0)
(-0.130159 -0.0320283 0)
(-0.12495 -0.0404301 0)
(-0.118505 -0.0480633 0)
(-0.110923 -0.0547405 0)
(-0.102331 -0.0602792 0)
(-0.0928808 -0.0645067 0)
(-0.0827539 -0.0672657 0)
(-0.0721581 -0.0684219 0)
(-0.0613273 -0.067871 0)
(-0.050519 -0.0655474 0)
(-0.0400105 -0.0614327 0)
(-0.0300952 -0.0555639 0)
(-0.0210773 -0.0480409 0)
(-0.0132586 -0.0390327 0)
(-0.00692588 -0.0287796 0)
(-0.00245053 -0.0175935 0)
(-0.000367617 -0.0058754 0)
(-0.0004198 0.00752259 0)
(-0.00272886 0.0218573 0)
(-0.00761563 0.0350436 0)
(-0.0144454 0.0467565 0)
(-0.022785 0.0567673 0)
(-0.0323148 0.0649201 0)
(-0.0427153 0.0711257 0)
(-0.0536772 0.075354 0)
(-0.0649127 0.0776253 0)
(-0.0761566 0.0780007 0)
(-0.0871669 0.0765741 0)
(-0.0977257 0.0734644 0)
(-0.107638 0.0688089 0)
(-0.116734 0.0627584 0)
(-0.124863 0.055473 0)
(-0.131898 0.0471193 0)
(-0.137731 0.0378692 0)
(-0.142274 0.0278983 0)
(-0.145457 0.0173862 0)
(-0.147226 0.00651686 0)
(-0.147549 -0.00452115 0)
(-0.14641 -0.0155338 0)
(-0.143811 -0.0263214 0)
(-0.139776 -0.0366786 0)
(-0.134352 -0.0463952 0)
(-0.127608 -0.0552579 0)
(-0.119639 -0.063053 0)
(-0.11057 -0.06957 0)
(-0.100553 -0.0746074 0)
(-0.0897721 -0.0779788 0)
(-0.0784438 -0.079521 0)
(-0.0668142 -0.0791027 0)
(-0.0551589 -0.0766338 0)
(-0.0437791 -0.0720753 0)
(-0.032998 -0.0654491 0)
(-0.0231553 -0.0568456 0)
(-0.0145915 -0.0464312 0)
(-0.00763378 -0.0344505 0)
(-0.00270462 -0.0212258 0)
(-0.00040642 -0.00717585 0)
(-0.000456798 0.00896513 0)
(-0.00296384 0.0258165 0)
(-0.00826065 0.0411452 0)
(-0.0156479 0.0546283 0)
(-0.024645 0.0660459 0)
(-0.0348973 0.075256 0)
(-0.0460527 0.0821873 0)
(-0.0577741 0.0868312 0)
(-0.0697508 0.0892316 0)
(-0.0817007 0.0894752 0)
(-0.0933695 0.0876815 0)
(-0.104531 0.0839951 0)
(-0.114988 0.0785781 0)
(-0.124566 0.0716053 0)
(-0.133117 0.0632591 0)
(-0.140516 0.0537275 0)
(-0.146656 0.0432017 0)
(-0.151451 0.0318762 0)
(-0.154832 0.0199485 0)
(-0.156746 0.00761972 0)
(-0.157158 -0.00490377 0)
(-0.15605 -0.0174099 0)
(-0.153419 -0.0296796 0)
(-0.149285 -0.0414868 0)
(-0.143687 -0.0525985 0)
(-0.136687 -0.0627763 0)
(-0.128375 -0.0717789 0)
(-0.11887 -0.0793661 0)
(-0.108322 -0.0853047 0)
(-0.0969169 -0.0893751 0)
(-0.0848761 -0.0913806 0)
(-0.0724572 -0.0911569 0)
(-0.0599535 -0.0885834 0)
(-0.0476909 -0.0835947 0)
(-0.0360239 -0.0761909 0)
(-0.0253299 -0.0664482 0)
(-0.0159915 -0.0545266 0)
(-0.00838022 -0.0406727 0)
(-0.00297383 -0.02522 0)
(-0.00044792 -0.00860813 0)
(-0.000495269 0.0105287 0)
(-0.00320619 0.0301008 0)
(-0.00892288 0.047735 0)
(-0.0168775 0.0631102 0)
(-0.0265397 0.0760169 0)
(-0.0375169 0.0863306 0)
(-0.0494232 0.0940029 0)
(-0.0618924 0.0990523 0)
(-0.0745911 0.101552 0)
(-0.0872203 0.10162 0)
(-0.0995148 0.099405 0)
(-0.111243 0.0950828 0)
(-0.122203 0.0888436 0)
(-0.132224 0.0808882 0)
(-0.14116 0.0714232 0)
(-0.148888 0.0606582 0)
(-0.155308 0.0488044 0)
(-0.160336 0.0360741 0)
(-0.163906 0.0226814 0)
(-0.165967 0.00884367 0)
(-0.166481 -0.0052171 0)
(-0.165428 -0.0192724 0)
(-0.1628 -0.0330855 0)
(-0.15861 -0.0464108 0)
(-0.152887 -0.0589934 0)
(-0.145685 -0.0705698 0)
(-0.137086 -0.0808703 0)
(-0.127199 -0.0896233 0)
(-0.116169 -0.0965606 0)
(-0.104181 -0.101425 0)
(-0.0914589 -0.103982 0)
(-0.0782693 -0.104026 0)
(-0.0649223 -0.101401 0)
(-0.0517688 -0.0960063 0)
(-0.0391959 -0.0878137 0)
(-0.0276217 -0.0768789 0)
(-0.0174746 -0.0633507 0)
(-0.009175 -0.0474754 0)
(-0.00326229 -0.0295976 0)
(-0.000492913 -0.0101811 0)
(-0.000535667 0.0122178 0)
(-0.00345829 0.0347201 0)
(-0.00960788 0.0548248 0)
(-0.0181431 0.072212 0)
(-0.0284794 0.0866856 0)
(-0.0401838 0.0981426 0)
(-0.0528341 0.106563 0)
(-0.066034 0.111999 0)
(-0.0794271 0.11456 0)
(-0.0926985 0.114399 0)
(-0.105574 0.111704 0)
(-0.117816 0.106683 0)
(-0.129226 0.0995592 0)
(-0.139636 0.090562 0)
(-0.148904 0.0799237 0)
(-0.156917 0.0678762 0)
(-0.163579 0.0546501 0)
(-0.168813 0.0404747 0)
(-0.172557 0.0255793 0)
(-0.174761 0.010195 0)
(-0.17539 -0.00544252 0)
(-0.174417 -0.0210908 0)
(-0.17183 -0.0364978 0)
(-0.167633 -0.0514003 0)
(-0.161846 -0.0655227 0)
(-0.15451 -0.0785771 0)
(-0.145694 -0.0902654 0)
(-0.135495 -0.100282 0)
(-0.124051 -0.108322 0)
(-0.111538 -0.114086 0)
(-0.09818 -0.117294 0)
(-0.0842511 -0.117695 0)
(-0.070076 -0.115085 0)
(-0.0560297 -0.109323 0)
(-0.0425336 -0.100342 0)
(-0.0300492 -0.0881708 0)
(-0.0190556 -0.0729403 0)
(-0.0100275 -0.0548934 0)
(-0.003574 -0.0343849 0)
(-0.000542182 -0.0119059 0)
(-0.000578467 0.0140381 0)
(-0.00372261 0.039687 0)
(-0.0103213 0.0624291 0)
(-0.0194531 0.0819461 0)
(-0.0304739 0.0980579 0)
(-0.0429063 0.110689 0)
(-0.0562893 0.119854 0)
(-0.070195 0.125645 0)
(-0.084244 0.128217 0)
(-0.0981069 0.127766 0)
(-0.111502 0.124523 0)
(-0.124191 0.118736 0)
(-0.135979 0.110663 0)
(-0.146705 0.100566 0)
(-0.156237 0.0887043 0)
(-0.164472 0.0753326 0)
(-0.171323 0.0607002 0)
(-0.176724 0.0450519 0)
(-0.180617 0.0286299 0)
(-0.182958 0.0116768 0)
(-0.183709 -0.00556146 0)
(-0.182843 -0.0228313 0)
(-0.180342 -0.0398684 0)
(-0.176198 -0.0563947 0)
(-0.170419 -0.0721162 0)
(-0.163031 -0.0867219 0)
(-0.154087 -0.099885 0)
(-0.143667 -0.111266 0)
(-0.131895 -0.120518 0)
(-0.118935 -0.127297 0)
(-0.105008 -0.131269 0)
(-0.0903886 -0.132132 0)
(-0.0754144 -0.129624 0)
(-0.0604835 -0.12355 0)
(-0.0460524 -0.113799 0)
(-0.032629 -0.100359 0)
(-0.0207484 -0.0833365 0)
(-0.0109471 -0.0629665 0)
(-0.00391303 -0.0396126 0)
(-0.000596535 -0.0137956 0)
(-0.000624207 0.0159968 0)
(-0.00400191 0.045017 0)
(-0.0110696 0.0705656 0)
(-0.0208169 0.0923265 0)
(-0.0325333 0.110139 0)
(-0.0456921 0.123962 0)
(-0.05979 0.133852 0)
(-0.074366 0.139954 0)
(-0.0890182 0.142472 0)
(-0.103404 0.141656 0)
(-0.117237 0.137788 0)
(-0.130284 0.13116 0)
(-0.142355 0.122072 0)
(-0.153303 0.11082 0)
(-0.163009 0.0976905 0)
(-0.171385 0.0829622 0)
(-0.178357 0.0669019 0)
(-0.18387 0.0497681 0)
(-0.187877 0.031813 0)
(-0.190338 0.0132872 0)
(-0.191219 -0.00555633 0)
(-0.190488 -0.0244571 0)
(-0.188121 -0.0431425 0)
(-0.184098 -0.0613231 0)
(-0.178413 -0.0786893 0)
(-0.171073 -0.0949095 0)
(-0.162109 -0.109629 0)
(-0.151583 -0.122474 0)
(-0.139595 -0.133054 0)
(-0.126294 -0.140973 0)
(-0.111888 -0.145841 0)
(-0.0966504 -0.147289 0)
(-0.0809254 -0.144992 0)
(-0.0651324 -0.138687 0)
(-0.0497632 -0.128202 0)
(-0.0353757 -0.113477 0)
(-0.0225667 -0.0945832 0)
(-0.011943 -0.0717396 0)
(-0.00428359 -0.0453161 0)
(-0.000656844 -0.0158653 0)
(-0.000673557 0.0181023 0)
(-0.00429957 0.0507288 0)
(-0.0118602 0.0792556 0)
(-0.0222452 0.103369 0)
(-0.0346687 0.122934 0)
(-0.0485483 0.137949 0)
(-0.0633346 0.148528 0)
(-0.0785319 0.154873 0)
(-0.0937162 0.157255 0)
(-0.108535 0.155985 0)
(-0.122701 0.151402 0)
(-0.135988 0.143853 0)
(-0.148222 0.133681 0)
(-0.159271 0.121219 0)
(-0.169036 0.106786 0)
(-0.177448 0.0906798 0)
(-0.184451 0.0731854 0)
(-0.190007 0.0545717 0)
(-0.194078 0.0350979 0)
(-0.196635 0.0150184 0)
(-0.197645 -0.00541153 0)
(-0.197077 -0.0259291 0)
(-0.194896 -0.046258 0)
(-0.191073 -0.0661022 0)
(-0.185582 -0.085141 0)
(-0.178409 -0.103025 0)
(-0.16956 -0.119375 0)
(-0.159069 -0.13378 0)
(-0.147008 -0.145807 0)
(-0.133502 -0.155004 0)
(-0.11874 -0.160914 0)
(-0.102984 -0.163096 0)
(-0.0865818 -0.161143 0)
(-0.0699689 -0.154715 0)
(-0.0536721 -0.143562 0)
(-0.0383019 -0.127557 0)
(-0.0245239 -0.106727 0)
(-0.0130253 -0.0812621 0)
(-0.00469033 -0.0515355 0)
(-0.000724093 -0.0181328 0)
(-0.000727391 0.0203653 0)
(-0.00461994 0.0568454 0)
(-0.0127028 0.0885242 0)
(-0.0237516 0.115091 0)
(-0.0368936 0.136443 0)
(-0.0514831 0.152632 0)
(-0.0669196 0.163837 0)
(-0.0826712 0.170335 0)
(-0.0982933 0.172474 0)
(-0.113427 0.170641 0)
(-0.12779 0.165241 0)
(-0.14117 0.15668 0)
(-0.153413 0.145353 0)
(-0.16441 0.131633 0)
(-0.174091 0.115867 0)
(-0.182407 0.0983766 0)
(-0.189329 0.0794603 0)
(-0.194836 0.0593945 0)
(-0.198908 0.0384413 0)
(-0.201524 0.0168541 0)
(-0.202658 -0.00511485 0)
(-0.202277 -0.0272062 0)
(-0.20034 -0.0491458 0)
(-0.196804 -0.0706368 0)
(-0.191623 -0.0913525 0)
(-0.184757 -0.110931 0)
(-0.176183 -0.128969 0)
(-0.165899 -0.145026 0)
(-0.153944 -0.158621 0)
(-0.140407 -0.169241 0)
(-0.125449 -0.17636 0)
(-0.109313 -0.179449 0)
(-0.0923391 -0.178009 0)
(-0.0749749 -0.171599 0)
(-0.0577795 -0.159876 0)
(-0.0414186 -0.142628 0)
(-0.0266337 -0.119814 0)
(-0.0142047 -0.0915877 0)
(-0.00513854 -0.0583158 0)
(-0.000799447 -0.0206182 0)
(-0.000786897 0.0227989 0)
(-0.00496884 0.0633952 0)
(-0.0136101 0.098402 0)
(-0.0253535 0.127513 0)
(-0.0392251 0.150667 0)
(-0.0545059 0.16798 0)
(-0.070539 0.179717 0)
(-0.0867552 0.186247 0)
(-0.102692 0.188009 0)
(-0.117988 0.18548 0)
(-0.132376 0.179144 0)
(-0.145663 0.169475 0)
(-0.157724 0.15692 0)
(-0.168483 0.141896 0)
(-0.1779 0.124781 0)
(-0.18596 0.105917 0)
(-0.192661 0.0856131 0)
(-0.198006 0.0641493 0)
(-0.201995 0.0417853 0)
(-0.20462 0.0187682 0)
(-0.205864 -0.00465902 0)
(-0.205692 -0.028247 0)
(-0.204059 -0.0517306 0)
(-0.200906 -0.0748191 0)
(-0.196166 -0.0971865 0)
(-0.189771 -0.118464 0)
(-0.181659 -0.138232 0)
(-0.171791 -0.156019 0)
(-0.16016 -0.171299 0)
(-0.146811 -0.183498 0)
(-0.131864 -0.192009 0)
(-0.115529 -0.196207 0)
(-0.0981308 -0.195483 0)
(-0.0801185 -0.189278 0)
(-0.0620791 -0.177126 0)
(-0.044735 -0.158707 0)
(-0.0289111 -0.13389 0)
(-0.0154938 -0.102774 0)
(-0.00563457 -0.0657078 0)
(-0.000884342 -0.0233446 0)
(-0.000853725 0.0254198 0)
(-0.0053542 0.0704137 0)
(-0.014599 0.108926 0)
(-0.0270741 0.140657 0)
(-0.0416852 0.165597 0)
(-0.0576283 0.183951 0)
(-0.0741842 0.196086 0)
(-0.0907459 0.202487 0)
(-0.106837 0.203706 0)
(-0.122104 0.200323 0)
(-0.136299 0.192913 0)
(-0.149263 0.182027 0)
(-0.160908 0.168172 0)
(-0.171199 0.151807 0)
(-0.180138 0.133342 0)
(-0.187747 0.113136 0)
(-0.194058 0.0915046 0)
(-0.199103 0.0687272 0)
(-0.202907 0.0450552 0)
(-0.205477 0.0207226 0)
(-0.206805 -0.00404338 0)
(-0.206861 -0.029011 0)
(-0.205591 -0.0539319 0)
(-0.202925 -0.0785296 0)
(-0.198771 -0.102487 0)
(-0.19303 -0.125436 0)
(-0.185601 -0.146948 0)
(-0.176395 -0.166525 0)
(-0.165351 -0.1836 0)
(-0.152459 -0.197537 0)
(-0.137783 -0.207642 0)
(-0.121488 -0.213183 0)
(-0.103864 -0.213421 0)
(-0.085351 -0.207654 0)
(-0.0665568 -0.195268 0)
(-0.0482586 -0.1758 0)
(-0.0313725 -0.149001 0)
(-0.0169077 -0.114884 0)
(-0.00618631 -0.0737687 0)
(-0.000980614 -0.026339 0)
(-0.000930196 0.0282494 0)
(-0.00578696 0.077946 0)
(-0.0156927 0.120142 0)
(-0.0289442 0.154547 0)
(-0.0443026 0.181223 0)
(-0.0608642 0.200485 0)
(-0.0778416 0.212835 0)
(-0.0945918 0.218899 0)
(-0.110632 0.219366 0)
(-0.125625 0.21494 0)
(-0.139358 0.2063 0)
(-0.151717 0.194081 0)
(-0.162663 0.178854 0)
(-0.172214 0.161124 0)
(-0.180419 0.141326 0)
(-0.187346 0.119835 0)
(-0.193068 0.0969677 0)
(-0.197651 0.0729963 0)
(-0.201144 0.0481577 0)
(-0.203578 0.0226659 0)
(-0.204954 -0.00327566 0)
(-0.205248 -0.0294606 0)
(-0.204402 -0.0556661 0)
(-0.202331 -0.0816387 0)
(-0.198922 -0.10708 0)
(-0.194041 -0.131632 0)
(-0.187542 -0.154866 0)
(-0.179282 -0.176268 0)
(-0.169138 -0.195233 0)
(-0.157029 -0.211065 0)
(-0.142949 -0.22298 0)
(-0.126996 -0.230128 0)
(-0.109409 -0.231622 0)
(-0.090602 -0.226588 0)
(-0.0711876 -0.214228 0)
(-0.0519948 -0.193896 0)
(-0.0340373 -0.165182 0)
(-0.0184652 -0.127984 0)
(-0.00680398 -0.0825641 0)
(-0.00109069 -0.029633 0)
(-0.00101962 0.031316 0)
(-0.00628234 0.0860504 0)
(-0.0169227 0.132107 0)
(-0.0310047 0.169211 0)
(-0.0471133 0.19752 0)
(-0.0642285 0.217496 0)
(-0.0814895 0.229814 0)
(-0.0982217 0.235276 0)
(-0.113947 0.234737 0)
(-0.128362 0.229046 0)
(-0.141301 0.219001 0)
(-0.152714 0.205329 0)
(-0.162624 0.188665 0)
(-0.171112 0.16956 0)
(-0.178286 0.148472 0)
(-0.184265 0.125783 0)
(-0.189169 0.101807 0)
(-0.1931 0.0768013 0)
(-0.196139 0.0509808 0)
(-0.198337 0.0245318 0)
(-0.199713 -0.00237367 0)
(-0.200247 -0.0295632 0)
(-0.19988 -0.0568484 0)
(-0.198516 -0.0840092 0)
(-0.196018 -0.110776 0)
(-0.192219 -0.136814 0)
(-0.186927 -0.161704 0)
(-0.179938 -0.184927 0)
(-0.171057 -0.205851 0)
(-0.16012 -0.223724 0)
(-0.147031 -0.237674 0)
(-0.131802 -0.246722 0)
(-0.114596 -0.249816 0)
(-0.0957717 -0.245879 0)
(-0.0759323 -0.233886 0)
(-0.0559463 -0.212957 0)
(-0.0369287 -0.182466 0)
(-0.0201908 -0.142146 0)
(-0.0075012 -0.0921695 0)
(-0.00121788 -0.0332646 0)
(-0.00112674 0.0346571 0)
(-0.00686165 0.0948032 0)
(-0.0183318 0.144892 0)
(-0.0333092 0.184678 0)
(-0.0501618 0.21445 0)
(-0.0677345 0.234868 0)
(-0.0850904 0.246827 0)
(-0.101533 0.251354 0)
(-0.116608 0.249502 0)
(-0.130063 0.24229 0)
(-0.141807 0.230648 0)
(-0.151866 0.2154 0)
(-0.160345 0.197249 0)
(-0.167399 0.176781 0)
(-0.173202 0.154476 0)
(-0.177934 0.130716 0)
(-0.181763 0.1058 0)
(-0.18483 0.0799641 0)
(-0.187251 0.0533936 0)
(-0.189101 0.0262392 0)
(-0.190413 -0.00136657 0)
(-0.191179 -0.0292935 0)
(-0.19134 -0.0573972 0)
(-0.19079 -0.0855005 0)
(-0.189374 -0.113375 0)
(-0.186892 -0.140721 0)
(-0.183105 -0.167144 0)
(-0.177747 -0.192135 0)
(-0.170542 -0.215048 0)
(-0.161231 -0.235087 0)
(-0.149611 -0.251295 0)
(-0.135578 -0.262562 0)
(-0.119189 -0.267653 0)
(-0.10072 -0.265254 0)
(-0.0807306 -0.254065 0)
(-0.0601109 -0.232907 0)
(-0.040075 -0.200869 0)
(-0.0221165 -0.157446 0)
(-0.00829659 -0.102674 0)
(-0.00136683 -0.0372801 0)
(-0.00125852 0.0383236 0)
(-0.00755487 0.104305 0)
(-0.0199782 0.158589 0)
(-0.0359267 0.200977 0)
(-0.0534997 0.23195 0)
(-0.0713869 0.252432 0)
(-0.0885784 0.263611 0)
(-0.104374 0.266789 0)
(-0.11837 0.263262 0)
(-0.130396 0.25424 0)
(-0.140459 0.240799 0)
(-0.148687 0.223861 0)
(-0.155281 0.204193 0)
(-0.160481 0.182412 0)
(-0.164539 0.159003 0)
(-0.167695 0.13434 0)
(-0.170169 0.1087 0)
(-0.172145 0.0822876 0)
(-0.173769 0.0552492 0)
(-0.175143 0.027693 0)
(-0.176318 -0.000295623 0)
(-0.177296 -0.0286365 0)
(-0.178023 -0.0572372 0)
(-0.178387 -0.0859744 0)
(-0.178219 -0.114672 0)
(-0.177292 -0.14308 0)
(-0.175323 -0.170846 0)
(-0.171983 -0.197486 0)
(-0.166912 -0.222363 0)
(-0.159747 -0.244651 0)
(-0.150156 -0.263323 0)
(-0.137895 -0.277141 0)
(-0.122877 -0.284673 0)
(-0.105251 -0.284341 0)
(-0.0854909 -0.274508 0)
(-0.0644774 -0.253621 0)
(-0.0435109 -0.220385 0)
(-0.0242858 -0.173967 0)
(-0.00921631 -0.114185 0)
(-0.00154426 -0.0417377 0)
(-0.00142532 0.0423855 0)
(-0.00840476 0.114689 0)
(-0.0219406 0.173308 0)
(-0.0389445 0.21813 0)
(-0.0571814 0.249915 0)
(-0.0751688 0.269953 0)
(-0.0918374 0.279811 0)
(-0.106517 0.281139 0)
(-0.118891 0.275516 0)
(-0.128913 0.264371 0)
(-0.136719 0.248931 0)
(-0.142564 0.230214 0)
(-0.146762 0.209037 0)
(-0.14965 0.186034 0)
(-0.151559 0.161686 0)
(-0.152793 0.136342 0)
(-0.153622 0.110247 0)
(-0.15427 0.0835623 0)
(-0.154913 0.0563898 0)
(-0.155677 0.028787 0)
(-0.15663 0.000786155 0)
(-0.157788 -0.027589 0)
(-0.159104 -0.0563056 0)
(-0.160467 -0.0853024 0)
(-0.1617 -0.114468 0)
(-0.162557 -0.143615 0)
(-0.162717 -0.17245 0)
(-0.161796 -0.200541 0)
(-0.159352 -0.227279 0)
(-0.154908 -0.251837 0)
(-0.147993 -0.27314 0)
(-0.138193 -0.289836 0)
(-0.125233 -0.300293 0)
(-0.109083 -0.302641 0)
(-0.0900724 -0.294851 0)
(-0.0690179 -0.274897 0)
(-0.0472773 -0.240978 0)
(-0.0267574 -0.191795 0)
(-0.0102979 -0.126834 0)
(-0.00176022 -0.0467126 0)
(-0.00164301 0.0469403 0)
(-0.00947298 0.126133 0)
(-0.0243256 0.189186 0)
(-0.0424689 0.236142 0)
(-0.0612535 0.268178 0)
(-0.0790172 0.287093 0)
(-0.0946652 0.294952 0)
(-0.10761 0.293833 0)
(-0.11768 0.285647 0)
(-0.125002 0.272057 0)
(-0.12988 0.25444 0)
(-0.13272 0.233896 0)
(-0.133966 0.211272 0)
(-0.134057 0.187203 0)
(-0.133403 0.162142 0)
(-0.132368 0.1364 0)
(-0.131267 0.110174 0)
(-0.130357 0.0835766 0)
(-0.129839 0.0566541 0)
(-0.129859 0.029409 0)
(-0.130502 0.00181572 0)
(-0.131796 -0.0261625 0)
(-0.133706 -0.0545571 0)
(-0.136129 -0.0833756 0)
(-0.138889 -0.11258 0)
(-0.141731 -0.14206 0)
(-0.144313 -0.171601 0)
(-0.146205 -0.200845 0)
(-0.146892 -0.229242 0)
(-0.145791 -0.256 0)
(-0.142275 -0.280029 0)
(-0.135739 -0.299892 0)
(-0.125679 -0.313776 0)
(-0.111815 -0.319499 0)
(-0.0942555 -0.314585 0)
(-0.0736714 -0.296426 0)
(-0.0514194 -0.262556 0)
(-0.0296116 -0.211015 0)
(-0.0115962 -0.140785 0)
(-0.00203022 -0.0523046 0)
(-0.00193669 0.0521263 0)
(-0.0108501 0.138874 0)
(-0.0272764 0.206379 0)
(-0.0466213 0.254973 0)
(-0.0657308 0.286466 0)
(-0.0827794 0.303366 0)
(-0.0967137 0.308392 0)
(-0.107112 0.304139 0)
(-0.114029 0.292893 0)
(-0.117822 0.276557 0)
(-0.119008 0.256638 0)
(-0.118167 0.234291 0)
(-0.115881 0.210366 0)
(-0.112689 0.185465 0)
(-0.109074 0.159993 0)
(-0.105449 0.134203 0)
(-0.102161 0.108233 0)
(-0.0994897 0.0821328 0)
(-0.0976525 0.0558903 0)
(-0.0968069 0.0294488 0)
(-0.0970523 0.00272354 0)
(-0.0984294 -0.0243838 0)
(-0.100917 -0.0519705 0)
(-0.104429 -0.080116 0)
(-0.1088 -0.108862 0)
(-0.113783 -0.138186 0)
(-0.119032 -0.16797 0)
(-0.124092 -0.197953 0)
(-0.128398 -0.227683 0)
(-0.131268 -0.256442 0)
(-0.131933 -0.283178 0)
(-0.129574 -0.306418 0)
(-0.123416 -0.324205 0)
(-0.112862 -0.334056 0)
(-0.0976928 -0.333003 0)
(-0.0783146 -0.317741 0)
(-0.0559778 -0.284937 0)
(-0.0329566 -0.231707 0)
(-0.0131936 -0.156247 0)
(-0.00237909 -0.0586512 0)
(-0.00234749 0.0581442 0)
(-0.0126713 0.15323 0)
(-0.0309821 0.225055 0)
(-0.0515231 0.274497 0)
(-0.0705484 0.304333 0)
(-0.086135 0.318071 0)
(-0.0973929 0.319265 0)
(-0.104192 0.311125 0)
(-0.106915 0.296336 0)
(-0.106221 0.277018 0)
(-0.102878 0.254771 0)
(-0.0976564 0.230757 0)
(-0.0912705 0.205785 0)
(-0.0843493 0.180389 0)
(-0.0774282 0.154897 0)
(-0.0709514 0.129484 0)
(-0.065279 0.104213 0)
(-0.0606965 0.0790674 0)
(-0.0574235 0.0539713 0)
(-0.0556206 0.0288093 0)
(-0.0553936 0.0034393 0)
(-0.0567947 -0.0222955 0)
(-0.0598204 -0.0485552 0)
(-0.0644052 -0.0754895 0)
(-0.070412 -0.103221 0)
(-0.0776181 -0.131823 0)
(-0.0856982 -0.161284 0)
(-0.0942047 -0.191468 0)
(-0.102549 -0.222053 0)
(-0.109987 -0.252449 0)
(-0.115624 -0.281705 0)
(-0.118435 -0.308387 0)
(-0.117346 -0.330465 0)
(-0.111367 -0.345204 0)
(-0.0998273 -0.349134 0)
(-0.0827043 -0.338143 0)
(-0.0609664 -0.307795 0)
(-0.0369352 -0.253916 0)
(-0.0152152 -0.173487 0)
(-0.00284818 -0.0659481 0)
(-0.00294542 0.065292 0)
(-0.015142 0.169617 0)
(-0.0356839 0.24536 0)
(-0.0572535 0.294415 0)
(-0.0754663 0.321061 0)
(-0.0884621 0.330193 0)
(-0.0957192 0.326416 0)
(-0.0975761 0.313627 0)
(-0.0948669 0.294894 0)
(-0.0886234 0.272497 0)
(-0.0798884 0.248056 0)
(-0.0696179 0.222671 0)
(-0.0586383 0.19705 0)
(-0.0476376 0.171616 0)
(-0.0371734 0.146591 0)
(-0.0276893 0.122052 0)
(-0.0195331 0.0979775 0)
(-0.0129738 0.0742777 0)
(-0.00821582 0.0508155 0)
(-0.00540994 0.0274205 0)
(-0.00466001 0.00389976 0)
(-0.00602606 -0.0199544 0)
(-0.00952302 -0.0443568 0)
(-0.0151149 -0.0695203 0)
(-0.0227039 -0.0956436 0)
(-0.0321143 -0.122893 0)
(-0.0430701 -0.151374 0)
(-0.0551674 -0.181091 0)
(-0.067842 -0.211884 0)
(-0.0803377 -0.243347 0)
(-0.0916805 -0.274705 0)
(-0.100675 -0.304666 0)
(-0.105947 -0.331238 0)
(-0.106059 -0.351542 0)
(-0.0997583 -0.361653 0)
(-0.0863735 -0.35659 0)
(-0.0663184 -0.33056 0)
(-0.0417242 -0.277608 0)
(-0.0178541 -0.192848 0)
(-0.0035087 -0.0744843 0)
(-0.00385321 0.0740263 0)
(-0.0185759 0.18857 0)
(-0.0416617 0.267331 0)
(-0.0637474 0.314108 0)
(-0.079886 0.3355 0)
(-0.0886081 0.338284 0)
(-0.0900797 0.328326 0)
(-0.0853373 0.310226 0)
(-0.075795 0.287346 0)
(-0.0629039 0.262012 0)
(-0.0479752 0.235746 0)
(-0.0321131 0.209494 0)
(-0.016207 0.183797 0)
(-0.000952257 0.15892 0)
(0.0131186 0.134947 0)
(0.0256028 0.111844 0)
(0.0361984 0.0894989 0)
(0.0446794 0.0677522 0)
(0.0508765 0.04641 0)
(0.054664 0.0252563 0)
(0.0559496 0.00405859 0)
(0.0546708 -0.017429 0)
(0.0507945 -0.0394624 0)
(0.0443219 -0.062304 0)
(0.0352994 -0.0862161 0)
(0.0238353 -0.111449 0)
(0.0101251 -0.138221 0)
(-0.00551437 -0.166683 0)
(-0.0226018 -0.196865 0)
(-0.0404384 -0.228586 0)
(-0.0580533 -0.261335 0)
(-0.0741559 -0.294079 0)
(-0.0871232 -0.32503 0)
(-0.095063 -0.351338 0)
(-0.0960254 -0.368783 0)
(-0.0884392 -0.371544 0)
(-0.0717674 -0.352248 0)
(-0.0475092 -0.302567 0)
(-0.0214075 -0.214748 0)
(-0.00448648 -0.0847031 0)
(-0.00528945 0.0850678 0)
(-0.0234448 0.210736 0)
(-0.0491621 0.290722 0)
(-0.0705608 0.332379 0)
(-0.0825043 0.345831 0)
(-0.0845081 0.340311 0)
(-0.0778795 0.323064 0)
(-0.0646073 0.299277 0)
(-0.0467783 0.272414 0)
(-0.026251 0.244646 0)
(-0.00453849 0.217245 0)
(0.0171928 0.190891 0)
(0.0380759 0.165883 0)
(0.0574832 0.142289 0)
(0.0749693 0.120037 0)
(0.0902211 0.0989747 0)
(0.10302 0.0789044 0)
(0.11321 0.0596035 0)
(0.120678 0.040835 0)
(0.125339 0.0223516 0)
(0.127122 0.00389711 0)
(0.125968 -0.0147951 0)
(0.121829 -0.0340035 0)
(0.114668 -0.0540204 0)
(0.104471 -0.0751513 0)
(0.0912628 -0.0977115 0)
(0.0751302 -0.122015 0)
(0.056258 -0.14835 0)
(0.0349809 -0.176941 0)
(0.0118511 -0.207867 0)
(-0.0122762 -0.240948 0)
(-0.0361461 -0.275541 0)
(-0.0580153 -0.310258 0)
(-0.0756164 -0.342552 0)
(-0.086268 -0.3682 0)
(-0.087259 -0.380755 0)
(-0.0765897 -0.371197 0)
(-0.0543883 -0.328181 0)
(-0.0263189 -0.23966 0)
(-0.00600557 -0.0973081 0)
(-0.007638 0.0995739 0)
(-0.0304107 0.236766 0)
(-0.0581558 0.314613 0)
(-0.0763567 0.347018 0)
(-0.0806745 0.349262 0)
(-0.0725707 0.333523 0)
(-0.0550408 0.308304 0)
(-0.0312205 0.279037 0)
(-0.00384686 0.248934 0)
(0.0249409 0.219738 0)
(0.0535851 0.192283 0)
(0.0810052 0.166872 0)
(0.10648 0.143505 0)
(0.129545 0.122029 0)
(0.149914 0.102213 0)
(0.167412 0.0837985 0)
(0.181941 0.066516 0)
(0.193439 0.0500991 0)
(0.201868 0.0342861 0)
(0.207192 0.0188178 0)
(0.209372 0.00343428 0)
(0.208361 -0.012131 0)
(0.204095 -0.028157 0)
(0.196505 -0.0449415 0)
(0.185514 -0.0628065 0)
(0.171052 -0.0821024 0)
(0.153078 -0.103208 0)
(0.131608 -0.126522 0)
(0.106771 -0.152439 0)
(0.0788769 -0.1813 0)
(0.0485274 -0.213292 0)
(0.016756 -0.248272 0)
(-0.0147976 -0.285459 0)
(-0.0437135 -0.322951 0)
(-0.0667115 -0.356996 0)
(-0.0798323 -0.381028 0)
(-0.0790709 -0.384645 0)
(-0.0620867 -0.353019 0)
(-0.0331882 -0.267956 0)
(-0.00845484 -0.11343 0)
(-0.0115154 0.119368 0)
(-0.0401957 0.266937 0)
(-0.0676345 0.336671 0)
(-0.0778112 0.354174 0)
(-0.0692762 0.341723 0)
(-0.046747 0.314467 0)
(-0.0153563 0.281552 0)
(0.0206618 0.247981 0)
(0.0581811 0.216196 0)
(0.0950874 0.187186 0)
(0.130048 0.161171 0)
(0.162278 0.137996 0)
(0.191351 0.117349 0)
(0.217069 0.0988639 0)
(0.239367 0.0821796 0)
(0.258253 0.066957 0)
(0.273771 0.0528862 0)
(0.28597 0.0396842 0)
(0.294894 0.0270891 0)
(0.300564 0.0148528 0)
(0.302977 0.00273342 0)
(0.3021 -0.00951372 0)
(0.297866 -0.0221446 0)
(0.290172 -0.0354361 0)
(0.278887 -0.0496959 0)
(0.263851 -0.065273 0)
(0.244889 -0.0825674 0)
(0.221833 -0.102037 0)
(0.194562 -0.124197 0)
(0.163068 -0.149601 0)
(0.127558 -0.178785 0)
(0.0886245 -0.212145 0)
(0.0474858 -0.24967 0)
(0.00630766 -0.290459 0)
(-0.0314471 -0.331854 0)
(-0.0608016 -0.368056 0)
(-0.0754315 -0.388169 0)
(-0.0691868 -0.374062 0)
(-0.0425781 -0.299455 0)
(-0.0124369 -0.134826 0)
(-0.0176309 0.147268 0)
(-0.0527437 0.300135 0)
(-0.0737203 0.351771 0)
(-0.0673896 0.347543 0)
(-0.0388454 0.317758 0)
(0.00272844 0.279361 0)
(0.0501891 0.240741 0)
(0.0987926 0.205427 0)
(0.14566 0.174489 0)
(0.189221 0.147878 0)
(0.228733 0.125113 0)
(0.26394 0.105594 0)
(0.294853 0.088739 0)
(0.321615 0.0740364 0)
(0.344424 0.0610496 0)
(0.363483 0.0494118 0)
(0.37898 0.0388132 0)
(0.391074 0.0289879 0)
(0.399883 0.0197018 0)
(0.405484 0.010741 0)
(0.407908 0.00190225 0)
(0.407138 -0.00701727 0)
(0.403109 -0.0162295 0)
(0.395699 -0.0259662 0)
(0.384735 -0.0364905 0)
(0.369984 -0.0481113 0)
(0.351157 -0.0611992 0)
(0.327917 -0.0762057 0)
(0.299892 -0.0936826 0)
(0.266719 -0.114298 0)
(0.228119 -0.138838 0)
(0.184043 -0.16816 0)
(0.134927 -0.203047 0)
(0.082109 -0.243839 0)
(0.0284452 -0.289617 0)
(-0.0209152 -0.33657 0)
(-0.0577717 -0.375086 0)
(-0.0711917 -0.385382 0)
(-0.0540313 -0.332316 0)
(-0.0185607 -0.164156 0)
(-0.0256741 0.187847 0)
(-0.0642382 0.331407 0)
(-0.0651048 0.349392 0)
(-0.0291772 0.317295 0)
(0.0271719 0.270802 0)
(0.0906916 0.225027 0)
(0.153787 0.185272 0)
(0.212634 0.152425 0)
(0.265642 0.125753 0)
(0.312431 0.10413 0)
(0.353207 0.0864789 0)
(0.388413 0.0719045 0)
(0.418561 0.059699 0)
(0.444143 0.0493153 0)
(0.465596 0.0403305 0)
(0.483293 0.0324149 0)
(0.497536 0.0253062 0)
(0.50856 0.0187903 0)
(0.51654 0.0126859 0)
(0.52159 0.0068329 0)
(0.523767 0.00108213 0)
(0.52307 -0.00471313 0)
(0.51944 -0.0107059 0)
(0.512753 -0.017065 0)
(0.502817 -0.0239856 0)
(0.489361 -0.0317031 0)
(0.472028 -0.040511 0)
(0.450362 -0.0507846 0)
(0.4238 -0.0630123 0)
(0.391672 -0.0778371 0)
(0.35322 -0.0961054 0)
(0.307674 -0.118914 0)
(0.25442 -0.14762 0)
(0.193371 -0.183722 0)
(0.125692 -0.228369 0)
(0.0550523 -0.280954 0)
(-0.0104713 -0.335807 0)
(-0.0561879 -0.375834 0)
(-0.0629143 -0.360557 0)
(-0.0261559 -0.205625 0)
(-0.029223 0.244812 0)
(-0.0583031 0.345093 0)
(-0.0132829 0.31026 0)
(0.0679726 0.250609 0)
(0.155667 0.195525 0)
(0.237768 0.151432 0)
(0.310191 0.118047 0)
(0.372228 0.093132 0)
(0.424672 0.0744131 0)
(0.46879 0.0601209 0)
(0.505839 0.048987 0)
(0.536917 0.0401247 0)
(0.56293 0.0329154 0)
(0.584604 0.0269232 0)
(0.602513 0.0218352 0)
(0.617109 0.017421 0)
(0.628736 0.0135062 0)
(0.637656 0.00995381 0)
(0.644057 0.00665175 0)
(0.648064 0.00350347 0)
(0.649744 0.000420876 0)
(0.649105 -0.00268181 0)
(0.646099 -0.00589382 0)
(0.640618 -0.00931418 0)
(0.632483 -0.0130591 0)
(0.621434 -0.0172721 0)
(0.607113 -0.0221374 0)
(0.589042 -0.0278998 0)
(0.56659 -0.0348948 0)
(0.538934 -0.0435932 0)
(0.505017 -0.0546696 0)
(0.463508 -0.0691048 0)
(0.412799 -0.0883269 0)
(0.351125 -0.114376 0)
(0.277034 -0.149965 0)
(0.190553 -0.19795 0)
(0.0953671 -0.259143 0)
(0.00382155 -0.326544 0)
(-0.0518379 -0.367206 0)
(-0.0278781 -0.261532 0)
(0.0108431 0.285005 0)
(0.0250454 0.299014 0)
(0.148316 0.213904 0)
(0.278984 0.145895 0)
(0.384824 0.100366 0)
(0.468029 0.0706159 0)
(0.533524 0.0512218 0)
(0.585242 0.0383416 0)
(0.626429 0.029495 0)
(0.659587 0.0231816 0)
(0.686533 0.0185052 0)
(0.708578 0.0149208 0)
(0.726671 0.0120872 0)
(0.741512 0.00978332 0)
(0.753618 0.00786084 0)
(0.763374 0.00621605 0)
(0.771069 0.00477361 0)
(0.776912 0.00347632 0)
(0.781056 0.00227865 0)
(0.783599 0.00114222 0)
(0.784595 3.25786e-05 0)
(0.784057 -0.00108352 0)
(0.781952 -0.00224063 0)
(0.778202 -0.00347725 0)
(0.772678 -0.0048392 0)
(0.765186 -0.00638406 0)
(0.755452 -0.00818769 0)
(0.743098 -0.0103544 0)
(0.727605 -0.0130332 0)
(0.708259 -0.0164457 0)
(0.684071 -0.0209342 0)
(0.653653 -0.0270486 0)
(0.615044 -0.0357043 0)
(0.565473 -0.0484652 0)
(0.501204 -0.0680007 0)
(0.417566 -0.0986351 0)
(0.308683 -0.146669 0)
(0.171224 -0.219416 0)
(0.0382228 -0.309648 0)
(0.0165522 -0.294945 0)
(0.302075 0.146414 0)
(0.400777 0.127365 0)
(0.563265 0.0753776 0)
(0.681048 0.0430495 0)
(0.751356 0.025344 0)
(0.796431 0.0156015 0)
(0.827697 0.0101542 0)
(0.850356 0.00700315 0)
(0.867362 0.00507851 0)
(0.880512 0.00382698 0)
(0.890903 0.0029627 0)
(0.89923 0.00233352 0)
(0.905956 0.00185462 0)
(0.9114 0.00147615 0)
(0.915789 0.00116718 0)
(0.919286 0.00090736 0)
(0.922012 0.000682621 0)
(0.924053 0.000482669 0)
(0.92547 0.000299543 0)
(0.926303 0.000126693 0)
(0.926574 -4.1671e-05 0)
(0.926288 -0.000211087 0)
(0.925433 -0.000387311 0)
(0.92398 -0.000576815 0)
(0.921877 -0.000787411 0)
(0.919048 -0.00102914 0)
(0.915384 -0.00131562 0)
(0.91073 -0.00166629 0)
(0.904868 -0.00211034 0)
(0.897491 -0.002694 0)
(0.888147 -0.00349499 0)
(0.876156 -0.00465204 0)
(0.860444 -0.00642764 0)
(0.839232 -0.00934104 0)
(0.809528 -0.014436 0)
(0.766 -0.0237712 0)
(0.696964 -0.0412976 0)
(0.578696 -0.0742115 0)
(0.411356 -0.127995 0)
(0.306789 -0.148218 0)
)
;

boundaryField
{
    movingWall
    {
        type            fixedValue;
        value           uniform (1 0 0);
    }
    fixedWalls
    {
        type            noSlip;
    }
    frontAndBack
    {
        type            empty;
    }
}


// ************************************************************************* //
