/*--------------------------------*- C++ -*----------------------------------*\
| =========                 |                                                 |
| \\      /  F ield         | OpenFOAM: The Open Source CFD Toolbox           |
|  \\    /   O peration     | Version:  2312                                  |
|   \\  /    A nd           | Website:  www.openfoam.com                      |
|    \\/     M anipulation  |                                                 |
\*---------------------------------------------------------------------------*/
FoamFile
{
    version     2.0;
    format      ascii;
    arch        "LSB;label=32;scalar=64";
    class       volVectorField;
    location    "0.5";
    object      U;
}
// * * * * * * * * * * * * * * * * * * * * * * * * * * * * * * * * * * * * * //

dimensions      [0 1 -1 0 0 0 0];

internalField   nonuniform List<vector> 
1600
(
(0.000174362 -0.000171438 0)
(0.000171096 -0.000143577 0)
(-0.000259209 0.000305821 0)
(-0.000380583 0.000374981 0)
(-0.00182748 0.000930723 0)
(-0.00213485 0.000996363 0)
(-0.00450918 0.00141068 0)
(-0.00495046 0.0014515 0)
(-0.00789309 0.00166292 0)
(-0.00840123 0.00167791 0)
(-0.0115315 0.00169479 0)
(-0.0120428 0.00168734 0)
(-0.0150109 0.00153758 0)
(-0.0154704 0.00151202 0)
(-0.0179816 0.00122941 0)
(-0.0183453 0.00119011 0)
(-0.02017 0.000809383 0)
(-0.0204053 0.000760517 0)
(-0.0213823 0.000316539 0)
(-0.0214682 0.000262239 0)
(-0.0215077 -0.000208908 0)
(-0.0214353 -0.000264312 0)
(-0.0205231 -0.000723993 0)
(-0.0202963 -0.000775767 0)
(-0.0184986 -0.00118209 0)
(-0.0181355 -0.00122502 0)
(-0.0156041 -0.00153336 0)
(-0.0151371 -0.00156185 0)
(-0.012111 -0.00172715 0)
(-0.0115874 -0.00173562 0)
(-0.00838632 -0.00171731 0)
(-0.00786652 -0.00170093 0)
(-0.00487159 -0.00147156 0)
(-0.00442453 -0.00142764 0)
(-0.00203908 -0.000988422 0)
(-0.00173385 -0.000919879 0)
(-0.000314335 -0.000349103 0)
(-0.000199418 -0.000279626 0)
(0.000199424 0.000165305 0)
(0.000199749 0.00019324 0)
(0.000149557 -0.000171236 0)
(0.000148808 -0.000145892 0)
(-0.00036499 0.000410556 0)
(-0.000476871 0.000474307 0)
(-0.00212983 0.00114087 0)
(-0.00241316 0.00120137 0)
(-0.00507313 0.00169416 0)
(-0.00547991 0.00173179 0)
(-0.00875348 0.00198208 0)
(-0.00922187 0.00199591 0)
(-0.0126946 0.00201279 0)
(-0.0131659 0.00200592 0)
(-0.0164548 0.00182185 0)
(-0.0168784 0.00179828 0)
(-0.0196591 0.00145337 0)
(-0.0199944 0.00141714 0)
(-0.022014 0.000953173 0)
(-0.022231 0.000908129 0)
(-0.0233117 0.000367412 0)
(-0.0233909 0.000317359 0)
(-0.0234337 -0.00025618 0)
(-0.023367 -0.000307251 0)
(-0.0223565 -0.000866598 0)
(-0.0221475 -0.000914323 0)
(-0.0201572 -0.00140866 0)
(-0.0198224 -0.00144823 0)
(-0.0170199 -0.0018237 0)
(-0.0165894 -0.00184996 0)
(-0.0132376 -0.00205251 0)
(-0.012755 -0.00206031 0)
(-0.00920518 -0.00204174 0)
(-0.00872604 -0.00202664 0)
(-0.0053953 -0.00175497 0)
(-0.0049832 -0.00171448 0)
(-0.00231084 -0.00119187 0)
(-0.00202948 -0.00112869 0)
(-0.000406536 -0.00044375 0)
(-0.000300607 -0.000379707 0)
(0.000177725 0.00017088 0)
(0.000175881 0.000196612 0)
(-0.000278615 0.000238566 0)
(-0.000382878 0.000348561 0)
(-0.00171147 0.00172035 0)
(-0.00210096 0.00198299 0)
(-0.00536023 0.00360865 0)
(-0.00606128 0.00384379 0)
(-0.0108642 0.00504692 0)
(-0.0117797 0.00519437 0)
(-0.0174931 0.00580058 0)
(-0.0185115 0.00585089 0)
(-0.0244865 0.00586098 0)
(-0.0254976 0.00582134 0)
(-0.0311206 0.00530329 0)
(-0.0320241 0.00518762 0)
(-0.036763 0.00423842 0)
(-0.0374757 0.00406335 0)
(-0.0409093 0.00279184 0)
(-0.0413685 0.00257504 0)
(-0.0431996 0.00109612 0)
(-0.043365 0.000856066 0)
(-0.0434296 -0.000709075 0)
(-0.0432849 -0.000952811 0)
(-0.0415601 -0.00247505 0)
(-0.0411142 -0.00270155 0)
(-0.0377266 -0.0040437 0)
(-0.037015 -0.00423084 0)
(-0.0322463 -0.00525113 0)
(-0.0313316 -0.00537653 0)
(-0.0256166 -0.00593775 0)
(-0.0245867 -0.00598074 0)
(-0.0184963 -0.00596723 0)
(-0.0174596 -0.00591231 0)
(-0.0116572 -0.00525712 0)
(-0.0107318 -0.00509929 0)
(-0.00590465 -0.00382699 0)
(-0.00520593 -0.00358175 0)
(-0.00198729 -0.00191151 0)
(-0.00160783 -0.00164677 0)
(-0.000332816 -0.000283473 0)
(-0.00023436 -0.000175226 0)
(-0.000344973 0.000352447 0)
(-0.000444046 0.000453535 0)
(-0.00197869 0.00211049 0)
(-0.00236818 0.00237314 0)
(-0.00601306 0.00427867 0)
(-0.00671411 0.00451381 0)
(-0.0120094 0.0059155 0)
(-0.0129249 0.00606296 0)
(-0.0191847 0.00676475 0)
(-0.020203 0.00681506 0)
(-0.0267306 0.00681658 0)
(-0.0277416 0.00677694 0)
(-0.0338755 0.00615629 0)
(-0.034779 0.00604062 0)
(-0.0399439 0.00491094 0)
(-0.0406566 0.00473587 0)
(-0.0443968 0.00322516 0)
(-0.044856 0.00300837 0)
(-0.0468497 0.00125247 0)
(-0.0470152 0.00101242 0)
(-0.0470849 -0.000845116 0)
(-0.0469402 -0.00108885 0)
(-0.0450614 -0.00289519 0)
(-0.0446156 -0.00312168 0)
(-0.0409257 -0.0047147 0)
(-0.0402142 -0.00490183 0)
(-0.0350183 -0.00611446 0)
(-0.0341036 -0.00623986 0)
(-0.0278716 -0.00691105 0)
(-0.0268417 -0.00695404 0)
(-0.0201901 -0.0069488 0)
(-0.0191533 -0.00689388 0)
(-0.0127967 -0.00613508 0)
(-0.0118714 -0.00597726 0)
(-0.00654812 -0.00449441 0)
(-0.0058494 -0.00424918 0)
(-0.00224704 -0.00229027 0)
(-0.00186759 -0.00202553 0)
(-0.000391065 -0.000378211 0)
(-0.000297552 -0.000278003 0)
(-0.000924208 0.00178438 0)
(-0.00114223 0.00209351 0)
(-0.00375012 0.00538398 0)
(-0.00444792 0.00601744 0)
(-0.0100383 0.00965768 0)
(-0.0111675 0.0101898 0)
(-0.0188829 0.0128077 0)
(-0.0202823 0.0131353 0)
(-0.0291546 0.0144062 0)
(-0.0306688 0.0145055 0)
(-0.039782 0.0144151 0)
(-0.0412632 0.0142979 0)
(-0.0497543 0.0129815 0)
(-0.0510667 0.0126775 0)
(-0.0581809 0.0103478 0)
(-0.0592109 0.00989596 0)
(-0.0643474 0.00680329 0)
(-0.065009 0.00624719 0)
(-0.0677434 0.0026639 0)
(-0.0679814 0.00205015 0)
(-0.0680795 -0.00173366 0)
(-0.0678716 -0.00235544 0)
(-0.0653018 -0.00603158 0)
(-0.0646603 -0.00660886 0)
(-0.0596037 -0.00985355 0)
(-0.0585774 -0.0103318 0)
(-0.0514346 -0.0128161 0)
(-0.0501087 -0.0131417 0)
(-0.0414952 -0.0145545 0)
(-0.039989 -0.0146797 0)
(-0.0307101 -0.0147677 0)
(-0.0291697 -0.014659 0)
(-0.0201574 -0.0132866 0)
(-0.0187417 -0.0129365 0)
(-0.0109709 -0.0101688 0)
(-0.00984165 -0.00961354 0)
(-0.0042916 -0.00586845 0)
(-0.00360585 -0.00522824 0)
(-0.00106914 -0.00194507 0)
(-0.000858744 -0.00163907 0)
(-0.000996401 0.00209404 0)
(-0.00120877 0.00237895 0)
(-0.00403311 0.00611754 0)
(-0.00473092 0.006751 0)
(-0.0107048 0.0107886 0)
(-0.011834 0.0113207 0)
(-0.0200064 0.0142063 0)
(-0.0214059 0.0145338 0)
(-0.0307564 0.015922 0)
(-0.0322706 0.0160213 0)
(-0.0418475 0.0158979 0)
(-0.0433287 0.0157806 0)
(-0.0522362 0.014295 0)
(-0.0535487 0.0139911 0)
(-0.0610038 0.0113786 0)
(-0.0620338 0.0109268 0)
(-0.0674135 0.00746554 0)
(-0.0680751 0.00690944 0)
(-0.070939 0.00290236 0)
(-0.071177 0.00228862 0)
(-0.0712823 -0.00194139 0)
(-0.0710743 -0.00256317 0)
(-0.0683876 -0.00667315 0)
(-0.0677461 -0.00725042 0)
(-0.0624547 -0.0108803 0)
(-0.0614284 -0.0113586 0)
(-0.0539469 -0.0141431 0)
(-0.052621 -0.0144687 0)
(-0.0435869 -0.0160625 0)
(-0.0420807 -0.0161877 0)
(-0.032329 -0.0163101 0)
(-0.0307886 -0.0162014 0)
(-0.0212873 -0.0147017 0)
(-0.0198716 -0.0143517 0)
(-0.0116354 -0.0112995 0)
(-0.0105062 -0.0107443 0)
(-0.00456987 -0.00658761 0)
(-0.00388412 -0.00594741 0)
(-0.0011332 -0.0022151 0)
(-0.000928243 -0.00193202 0)
(-0.00154757 0.00462837 0)
(-0.00187171 0.00522226 0)
(-0.00575775 0.0113023 0)
(-0.00675473 0.0124428 0)
(-0.0146259 0.0187691 0)
(-0.0161675 0.0196692 0)
(-0.0266239 0.0240427 0)
(-0.0284747 0.0245751 0)
(-0.040196 0.0265758 0)
(-0.0421564 0.0267103 0)
(-0.0539991 0.0263393 0)
(-0.0558904 0.0260974 0)
(-0.0668086 0.0235892 0)
(-0.0684696 0.0230215 0)
(-0.0775575 0.0187412 0)
(-0.0788543 0.0179148 0)
(-0.0853952 0.0122977 0)
(-0.0862271 0.0112885 0)
(-0.0897153 0.0048115 0)
(-0.0900174 0.00370147 0)
(-0.0901724 -0.00312594 0)
(-0.089918 -0.00424971 0)
(-0.0866967 -0.0108873 0)
(-0.0858992 -0.0119329 0)
(-0.0795097 -0.0178153 0)
(-0.0782246 -0.0186879 0)
(-0.0691346 -0.0232436 0)
(-0.0674605 -0.0238502 0)
(-0.0563977 -0.0265407 0)
(-0.0544744 -0.0267991 0)
(-0.0424038 -0.0271858 0)
(-0.0404053 -0.0270381 0)
(-0.0284632 -0.0248785 0)
(-0.0265835 -0.024309 0)
(-0.0160012 -0.0196793 0)
(-0.0144509 -0.0187381 0)
(-0.00658449 -0.0122137 0)
(-0.00559734 -0.0110577 0)
(-0.00178234 -0.00496655 0)
(-0.00146644 -0.00437584 0)
(-0.00161124 0.00511936 0)
(-0.0019304 0.00567485 0)
(-0.00602303 0.0123578 0)
(-0.00702001 0.0134983 0)
(-0.0152651 0.0203148 0)
(-0.0168067 0.0212149 0)
(-0.027702 0.0258943 0)
(-0.0295528 0.0264267 0)
(-0.0417205 0.0285417 0)
(-0.0436808 0.0286763 0)
(-0.0559438 0.0282366 0)
(-0.057835 0.0279947 0)
(-0.0691213 0.0252553 0)
(-0.0707823 0.0246877 0)
(-0.0801666 0.0200421 0)
(-0.0814634 0.0192158 0)
(-0.0882147 0.0131324 0)
(-0.0890466 0.0121233 0)
(-0.0926497 0.00511494 0)
(-0.0929518 0.0040049 0)
(-0.09312 -0.00338077 0)
(-0.0928656 -0.00450454 0)
(-0.0895537 -0.011687 0)
(-0.0887561 -0.0127325 0)
(-0.0821738 -0.0191042 0)
(-0.0808887 -0.0199768 0)
(-0.0715102 -0.024923 0)
(-0.0698361 -0.0255296 0)
(-0.0584021 -0.0284705 0)
(-0.0564788 -0.0287289 0)
(-0.0439752 -0.0291906 0)
(-0.0419767 -0.0290428 0)
(-0.0295699 -0.0267597 0)
(-0.0276901 -0.0261902 0)
(-0.0166512 -0.021234 0)
(-0.0151009 -0.0202927 0)
(-0.00684959 -0.0132568 0)
(-0.00586244 -0.0121008 0)
(-0.00183919 -0.00540061 0)
(-0.00152812 -0.00484673 0)
(-0.00211313 0.00867035 0)
(-0.00253731 0.00963118 0)
(-0.00764834 0.0193354 0)
(-0.00893331 0.0211133 0)
(-0.0190236 0.0307118 0)
(-0.0209657 0.03204 0)
(-0.0340681 0.0383932 0)
(-0.0363528 0.0391409 0)
(-0.0507688 0.0418326 0)
(-0.0531495 0.0419776 0)
(-0.0675125 0.0410931 0)
(-0.069782 0.040676 0)
(-0.0828931 0.0365978 0)
(-0.0848701 0.0356975 0)
(-0.095716 0.0289813 0)
(-0.0972528 0.0276981 0)
(-0.105043 0.0189947 0)
(-0.10603 0.017441 0)
(-0.110211 0.00745859 0)
(-0.110577 0.00575524 0)
(-0.110835 -0.0047529 0)
(-0.11055 -0.00647781 0)
(-0.106825 -0.0167142 0)
(-0.1059 -0.0183255 0)
(-0.0984025 -0.0274544 0)
(-0.096895 -0.0288124 0)
(-0.0861162 -0.0359842 0)
(-0.0841306 -0.0369506 0)
(-0.0708613 -0.0413554 0)
(-0.068551 -0.041806 0)
(-0.0538716 -0.0427667 0)
(-0.0514335 -0.0426095 0)
(-0.036661 -0.039714 0)
(-0.0343238 -0.0389138 0)
(-0.0209562 -0.0321762 0)
(-0.0189854 -0.0307829 0)
(-0.00880314 -0.0208474 0)
(-0.00751779 -0.0190375 0)
(-0.00244593 -0.00926676 0)
(-0.00202803 -0.00830583 0)
(-0.00217077 0.00932677 0)
(-0.00259045 0.0102363 0)
(-0.00789987 0.0206986 0)
(-0.00918485 0.0224765 0)
(-0.0196414 0.032656 0)
(-0.0215835 0.0339842 0)
(-0.0351145 0.0406733 0)
(-0.0373991 0.041421 0)
(-0.0522442 0.0442145 0)
(-0.0546249 0.0443594 0)
(-0.0693833 0.0433642 0)
(-0.0716529 0.0429471 0)
(-0.0851037 0.0385759 0)
(-0.0870806 0.0376756 0)
(-0.0981966 0.0305191 0)
(-0.0997334 0.0292359 0)
(-0.107716 0.0199825 0)
(-0.108703 0.0184288 0)
(-0.112993 0.00782534 0)
(-0.113359 0.00612199 0)
(-0.11364 -0.00503787 0)
(-0.113355 -0.00676277 0)
(-0.109563 -0.0176391 0)
(-0.108638 -0.0192505 0)
(-0.10098 -0.0289625 0)
(-0.0994724 -0.0303205 0)
(-0.0884404 -0.0379709 0)
(-0.0864549 -0.0389373 0)
(-0.0728449 -0.0436678 0)
(-0.0705346 -0.0441183 0)
(-0.0554419 -0.0452066 0)
(-0.0530038 -0.0450494 0)
(-0.0377727 -0.0420475 0)
(-0.0354356 -0.0412473 0)
(-0.0216071 -0.0341497 0)
(-0.0196363 -0.0327564 0)
(-0.00906319 -0.0222089 0)
(-0.00777783 -0.020399 0)
(-0.00249881 -0.00985368 0)
(-0.0020854 -0.00894255 0)
(-0.00264857 0.0138385 0)
(-0.00317025 0.0152493 0)
(-0.00947575 0.0294138 0)
(-0.0110434 0.0319619 0)
(-0.0233183 0.0454153 0)
(-0.0256546 0.0472324 0)
(-0.0413499 0.0557604 0)
(-0.0440583 0.0567304 0)
(-0.061076 0.0600326 0)
(-0.0638608 0.0601581 0)
(-0.0806096 0.0584952 0)
(-0.083236 0.0578495 0)
(-0.0983847 0.0518198 0)
(-0.100655 0.0505189 0)
(-0.113116 0.0409137 0)
(-0.114876 0.0390971 0)
(-0.12382 0.0268102 0)
(-0.124954 0.02463 0)
(-0.129805 0.0106149 0)
(-0.130239 0.00823216 0)
(-0.130665 -0.00650682 0)
(-0.130366 -0.00892231 0)
(-0.126282 -0.0233242 0)
(-0.125257 -0.0255929 0)
(-0.116846 -0.0385392 0)
(-0.115148 -0.0404734 0)
(-0.102888 -0.0508104 0)
(-0.10062 -0.0522212 0)
(-0.0853192 -0.0588222 0)
(-0.082642 -0.0595339 0)
(-0.0654582 -0.0614149 0)
(-0.0625879 -0.0612884 0)
(-0.0450046 -0.0577773 0)
(-0.0422054 -0.0567413 0)
(-0.0260065 -0.0476848 0)
(-0.0236045 -0.0457716 0)
(-0.0110466 -0.0317783 0)
(-0.00945545 -0.0291693 0)
(-0.00310436 -0.0148142 0)
(-0.0025825 -0.0133934 0)
(-0.00270466 0.014653 0)
(-0.00322196 0.0160001 0)
(-0.0097244 0.0310799 0)
(-0.0112921 0.0336279 0)
(-0.0239318 0.0477543 0)
(-0.0262681 0.0495713 0)
(-0.0423864 0.0584623 0)
(-0.0450948 0.0594323 0)
(-0.0625283 0.0628178 0)
(-0.0653132 0.0629433 0)
(-0.0824367 0.0611226 0)
(-0.0850632 0.0604769 0)
(-0.100527 0.054091 0)
(-0.102798 0.0527901 0)
(-0.115506 0.0426735 0)
(-0.117265 0.0408568 0)
(-0.126387 0.0279446 0)
(-0.127521 0.0257643 0)
(-0.132479 0.0110499 0)
(-0.132913 0.00866709 0)
(-0.133373 -0.0068055 0)
(-0.133074 -0.00922098 0)
(-0.128948 -0.0243492 0)
(-0.127923 -0.0266179 0)
(-0.119386 -0.0402377 0)
(-0.117687 -0.0421719 0)
(-0.10521 -0.0530787 0)
(-0.102943 -0.0544895 0)
(-0.0873302 -0.0615009 0)
(-0.084653 -0.0622125 0)
(-0.0670722 -0.0642866 0)
(-0.0642018 -0.0641601 0)
(-0.0461597 -0.0605714 0)
(-0.0433605 -0.0595354 0)
(-0.0266869 -0.0500905 0)
(-0.0242849 -0.0481772 0)
(-0.0113179 -0.0334671 0)
(-0.00972684 -0.0308581 0)
(-0.00315883 -0.0155536 0)
(-0.00264159 -0.0141955 0)
(-0.00318774 0.0201122 0)
(-0.00380828 0.0220569 0)
(-0.0113165 0.0415236 0)
(-0.0131692 0.0449747 0)
(-0.0276326 0.0628614 0)
(-0.0303625 0.0652255 0)
(-0.0486186 0.0760959 0)
(-0.0517422 0.0772898 0)
(-0.0712727 0.081082 0)
(-0.0744441 0.0811524 0)
(-0.0934375 0.0784146 0)
(-0.0963968 0.0774836 0)
(-0.113416 0.069114 0)
(-0.115955 0.0673461 0)
(-0.129875 0.0544247 0)
(-0.131837 0.0520046 0)
(-0.141832 0.0356925 0)
(-0.143103 0.0328141 0)
(-0.148604 0.0143131 0)
(-0.149112 0.0111768 0)
(-0.149782 -0.00826754 0)
(-0.149489 -0.0114524 0)
(-0.145212 -0.030528 0)
(-0.144118 -0.0335391 0)
(-0.135022 -0.0508486 0)
(-0.133171 -0.0534498 0)
(-0.119674 -0.0675192 0)
(-0.11716 -0.0694658 0)
(-0.100032 -0.0788048 0)
(-0.0970134 -0.0798588 0)
(-0.0774441 -0.0830918 0)
(-0.0741501 -0.08305 0)
(-0.0537622 -0.0791257 0)
(-0.0504915 -0.0778595 0)
(-0.0313677 -0.0663175 0)
(-0.0285131 -0.0638189 0)
(-0.013446 -0.0451067 0)
(-0.0115286 -0.0415468 0)
(-0.00381227 -0.0216539 0)
(-0.0031783 -0.0196779 0)
(-0.0032465 0.0210862 0)
(-0.00386244 0.0229548 0)
(-0.0115736 0.0434952 0)
(-0.0134262 0.0469463 0)
(-0.0282597 0.0655948 0)
(-0.0309895 0.067959 0)
(-0.0496642 0.0792118 0)
(-0.0527878 0.0804057 0)
(-0.0727165 0.0842536 0)
(-0.0758878 0.084324 0)
(-0.0952267 0.0813748 0)
(-0.0981861 0.0804438 0)
(-0.115485 0.0716536 0)
(-0.118025 0.0698856 0)
(-0.13216 0.0563865 0)
(-0.134121 0.0539664 0)
(-0.144271 0.0369642 0)
(-0.145542 0.0340857 0)
(-0.151145 0.0148213 0)
(-0.151652 0.0116849 0)
(-0.15237 -0.00856005 0)
(-0.152076 -0.0117449 0)
(-0.147788 -0.0316211 0)
(-0.146694 -0.0346322 0)
(-0.137516 -0.0526997 0)
(-0.135665 -0.0553009 0)
(-0.122 -0.0700337 0)
(-0.119485 -0.0719803 0)
(-0.10209 -0.0818251 0)
(-0.0990713 -0.082879 0)
(-0.0791322 -0.0863874 0)
(-0.0758382 -0.0863457 0)
(-0.0549957 -0.0823904 0)
(-0.051725 -0.0811242 0)
(-0.0321078 -0.0691775 0)
(-0.0292532 -0.0666789 0)
(-0.0137464 -0.0471453 0)
(-0.011829 -0.0435854 0)
(-0.00387394 -0.0225572 0)
(-0.0032452 -0.0206579 0)
(-0.00376259 0.0275217 0)
(-0.00448706 0.0300856 0)
(-0.0132456 0.0557014 0)
(-0.0153923 0.0601868 0)
(-0.0320807 0.0830537 0)
(-0.0352056 0.0860151 0)
(-0.0559828 0.0993327 0)
(-0.0595078 0.100741 0)
(-0.0814106 0.104834 0)
(-0.0849391 0.104804 0)
(-0.105953 0.100647 0)
(-0.109205 0.0993695 0)
(-0.127831 0.0882628 0)
(-0.130597 0.0859635 0)
(-0.145731 0.0693345 0)
(-0.14786 0.0662499 0)
(-0.158732 0.0455464 0)
(-0.160122 0.0419126 0)
(-0.166214 0.0185735 0)
(-0.166796 0.0146266 0)
(-0.167786 -0.00989112 0)
(-0.167523 -0.0139079 0)
(-0.16326 -0.0380767 0)
(-0.162141 -0.041904 0)
(-0.15267 -0.0640736 0)
(-0.150721 -0.0674291 0)
(-0.136341 -0.0858052 0)
(-0.133637 -0.0883852 0)
(-0.11501 -0.101071 0)
(-0.111695 -0.102564 0)
(-0.0899628 -0.107695 0)
(-0.086268 -0.107813 0)
(-0.0631396 -0.103806 0)
(-0.0593924 -0.102334 0)
(-0.0372424 -0.0882365 0)
(-0.0339073 -0.0850971 0)
(-0.0161339 -0.0610218 0)
(-0.0138575 -0.0563538 0)
(-0.00462466 -0.0299112 0)
(-0.00386429 -0.0272774 0)
(-0.00382805 0.0286646 0)
(-0.00454741 0.0311392 0)
(-0.0135221 0.0579889 0)
(-0.0156688 0.0624743 0)
(-0.032737 0.0861833 0)
(-0.0358619 0.0891446 0)
(-0.0570486 0.102848 0)
(-0.0605736 0.104257 0)
(-0.0828421 0.108362 0)
(-0.0863706 0.108332 0)
(-0.107679 0.1039 0)
(-0.110932 0.102622 0)
(-0.129779 0.0910285 0)
(-0.132545 0.0887292 0)
(-0.147839 0.0714635 0)
(-0.149968 0.068379 0)
(-0.160955 0.046936 0)
(-0.162345 0.0433022 0)
(-0.168521 0.0191563 0)
(-0.169103 0.0152094 0)
(-0.170152 -0.0101539 0)
(-0.169888 -0.0141707 0)
(-0.165653 -0.039195 0)
(-0.164534 -0.0430223 0)
(-0.155043 -0.066022 0)
(-0.153093 -0.0693776 0)
(-0.13862 -0.0885092 0)
(-0.135916 -0.0910893 0)
(-0.117093 -0.104387 0)
(-0.113778 -0.10588 0)
(-0.0917302 -0.111391 0)
(-0.0880354 -0.111509 0)
(-0.0644746 -0.107546 0)
(-0.0607274 -0.106074 0)
(-0.0380692 -0.091579 0)
(-0.0347342 -0.0884396 0)
(-0.016481 -0.0634462 0)
(-0.0142046 -0.0587782 0)
(-0.00469932 -0.0310013 0)
(-0.00394528 -0.0284601 0)
(-0.00440587 0.0361448 0)
(-0.00524293 0.0394152 0)
(-0.0153366 0.0720301 0)
(-0.0177921 0.0776765 0)
(-0.0367583 0.106001 0)
(-0.0402775 0.109593 0)
(-0.0634866 0.125344 0)
(-0.0673853 0.126937 0)
(-0.0914006 0.131025 0)
(-0.0952326 0.130833 0)
(-0.117875 0.124837 0)
(-0.121351 0.123144 0)
(-0.141136 0.10889 0)
(-0.144056 0.105998 0)
(-0.159986 0.0853238 0)
(-0.162222 0.0815274 0)
(-0.173659 0.056177 0)
(-0.175129 0.0517523 0)
(-0.181669 0.0233722 0)
(-0.182319 0.0185836 0)
(-0.183685 -0.0112135 0)
(-0.183478 -0.0160994 0)
(-0.179492 -0.0456353 0)
(-0.178406 -0.0503321 0)
(-0.168992 -0.0777603 0)
(-0.167027 -0.0819472 0)
(-0.152302 -0.10518 0)
(-0.149499 -0.108494 0)
(-0.129914 -0.1252 0)
(-0.126384 -0.127246 0)
(-0.10292 -0.134969 0)
(-0.098878 -0.135351 0)
(-0.0732246 -0.131789 0)
(-0.0690133 -0.130169 0)
(-0.0437925 -0.11362 0)
(-0.0399501 -0.109806 0)
(-0.0192381 -0.0797918 0)
(-0.0165601 -0.0738561 0)
(-0.00559882 -0.0397896 0)
(-0.00469183 -0.0363865 0)
(-0.00448287 0.0374739 0)
(-0.00531391 0.0406404 0)
(-0.0156446 0.074651 0)
(-0.0181001 0.0802974 0)
(-0.0374581 0.109526 0)
(-0.0409773 0.113118 0)
(-0.0645738 0.129231 0)
(-0.0684725 0.130824 0)
(-0.0927935 0.134856 0)
(-0.0966256 0.134664 0)
(-0.119476 0.128313 0)
(-0.122952 0.126619 0)
(-0.142859 0.11181 0)
(-0.14578 0.108918 0)
(-0.161778 0.087559 0)
(-0.164014 0.0837627 0)
(-0.175497 0.0576464 0)
(-0.176967 0.0532216 0)
(-0.183555 0.0240221 0)
(-0.184205 0.0192334 0)
(-0.185636 -0.0114201 0)
(-0.185429 -0.016306 0)
(-0.181518 -0.0467208 0)
(-0.180431 -0.0514177 0)
(-0.171083 -0.079725 0)
(-0.169118 -0.0839119 0)
(-0.154411 -0.107983 0)
(-0.151607 -0.111297 0)
(-0.131944 -0.128731 0)
(-0.128414 -0.130777 0)
(-0.104735 -0.139013 0)
(-0.100693 -0.139395 0)
(-0.0746654 -0.135991 0)
(-0.0704542 -0.134371 0)
(-0.044728 -0.117472 0)
(-0.0408855 -0.113658 0)
(-0.0196503 -0.08265 0)
(-0.0169723 -0.0767143 0)
(-0.00569324 -0.0411013 0)
(-0.00479426 -0.0378094 0)
(-0.00516042 0.0461097 0)
(-0.0061229 0.0501753 0)
(-0.017677 0.0906316 0)
(-0.0204605 0.0975556 0)
(-0.0417524 0.131679 0)
(-0.0456565 0.135907 0)
(-0.0710996 0.153874 0)
(-0.0753178 0.155588 0)
(-0.100976 0.159181 0)
(-0.105018 0.158739 0)
(-0.128628 0.150373 0)
(-0.132211 0.148184 0)
(-0.152421 0.130358 0)
(-0.155378 0.126819 0)
(-0.171421 0.101844 0)
(-0.173664 0.0973094 0)
(-0.185146 0.0672211 0)
(-0.18663 0.0620018 0)
(-0.193335 0.028598 0)
(-0.19403 0.0229751 0)
(-0.195785 -0.0120628 0)
(-0.195661 -0.017815 0)
(-0.192266 -0.0527597 0)
(-0.191287 -0.0583451 0)
(-0.182523 -0.0912506 0)
(-0.180656 -0.0963237 0)
(-0.166377 -0.124877 0)
(-0.163612 -0.129023 0)
(-0.143932 -0.150464 0)
(-0.140324 -0.153197 0)
(-0.115894 -0.164385 0)
(-0.11161 -0.165174 0)
(-0.0839275 -0.162862 0)
(-0.0793012 -0.161199 0)
(-0.0511214 -0.142592 0)
(-0.0467577 -0.138109 0)
(-0.0228881 -0.10174 0)
(-0.0197599 -0.0943824 0)
(-0.00680269 -0.0515704 0)
(-0.00572288 -0.0472778 0)
(-0.00525649 0.0476524 0)
(-0.00621146 0.0515974 0)
(-0.0180333 0.0936095 0)
(-0.0208168 0.100534 0)
(-0.0425106 0.135591 0)
(-0.0464147 0.139819 0)
(-0.0721981 0.158079 0)
(-0.0764163 0.159792 0)
(-0.102275 0.16322 0)
(-0.106317 0.162778 0)
(-0.12999 0.153955 0)
(-0.133574 0.151766 0)
(-0.153751 0.133314 0)
(-0.156708 0.129774 0)
(-0.172676 0.104085 0)
(-0.174919 0.0995504 0)
(-0.186336 0.0687031 0)
(-0.18782 0.0634838 0)
(-0.194511 0.0292921 0)
(-0.195206 0.0236692 0)
(-0.197019 -0.0121865 0)
(-0.196896 -0.0179388 0)
(-0.193631 -0.0537372 0)
(-0.192653 -0.0593225 0)
(-0.184066 -0.0931161 0)
(-0.182199 -0.0981892 0)
(-0.168095 -0.12764 0)
(-0.16533 -0.131787 0)
(-0.145753 -0.154073 0)
(-0.142144 -0.156806 0)
(-0.117669 -0.16867 0)
(-0.113385 -0.169459 0)
(-0.0854502 -0.167477 0)
(-0.0808239 -0.165814 0)
(-0.0521802 -0.146969 0)
(-0.0478165 -0.142485 0)
(-0.0233869 -0.105088 0)
(-0.0202587 -0.0977307 0)
(-0.00692633 -0.0531515 0)
(-0.00585702 -0.048993 0)
(-0.0060963 0.0576133 0)
(-0.00720302 0.0625628 0)
(-0.0203954 0.111663 0)
(-0.0235305 0.11996 0)
(-0.0471594 0.159985 0)
(-0.0514207 0.164803 0)
(-0.0787011 0.18444 0)
(-0.0831403 0.186161 0)
(-0.109638 0.188488 0)
(-0.113734 0.187673 0)
(-0.137247 0.176254 0)
(-0.140754 0.173476 0)
(-0.160251 0.15165 0)
(-0.163064 0.147417 0)
(-0.178182 0.118019 0)
(-0.180278 0.112749 0)
(-0.191001 0.0780698 0)
(-0.192392 0.0720982 0)
(-0.198795 0.034 0)
(-0.199489 0.0276056 0)
(-0.201561 -0.0122837 0)
(-0.201543 -0.0188411 0)
(-0.199092 -0.0588875 0)
(-0.198315 -0.0653262 0)
(-0.190962 -0.103631 0)
(-0.189349 -0.109604 0)
(-0.176613 -0.143754 0)
(-0.174087 -0.148812 0)
(-0.155601 -0.175683 0)
(-0.152127 -0.179251 0)
(-0.12799 -0.194961 0)
(-0.123649 -0.196349 0)
(-0.0948926 -0.196467 0)
(-0.0899651 -0.194939 0)
(-0.059248 -0.175117 0)
(-0.0543816 -0.170037 0)
(-0.0272284 -0.127206 0)
(-0.0236012 -0.118296 0)
(-0.0083306 -0.0656214 0)
(-0.00704518 -0.0603138 0)
(-0.00622508 0.0594131 0)
(-0.00732172 0.0642218 0)
(-0.0208274 0.115029 0)
(-0.0239625 0.123326 0)
(-0.0479946 0.164255 0)
(-0.0522559 0.169073 0)
(-0.0797844 0.188861 0)
(-0.0842237 0.190582 0)
(-0.110745 0.192579 0)
(-0.114841 0.191764 0)
(-0.138193 0.179757 0)
(-0.1417 0.17698 0)
(-0.160931 0.154459 0)
(-0.163744 0.150226 0)
(-0.178577 0.120111 0)
(-0.180673 0.114842 0)
(-0.191168 0.0794578 0)
(-0.192559 0.0734862 0)
(-0.19885 0.0346927 0)
(-0.199544 0.0282983 0)
(-0.201652 -0.0123015 0)
(-0.201634 -0.018859 0)
(-0.199373 -0.0596641 0)
(-0.198596 -0.0661028 0)
(-0.191561 -0.105242 0)
(-0.189948 -0.111215 0)
(-0.177599 -0.146278 0)
(-0.175072 -0.151335 0)
(-0.156948 -0.179156 0)
(-0.153475 -0.182723 0)
(-0.129559 -0.1993 0)
(-0.125219 -0.200688 0)
(-0.0964289 -0.201379 0)
(-0.0915014 -0.199851 0)
(-0.0604338 -0.18 0)
(-0.0555675 -0.17492 0)
(-0.0278421 -0.131104 0)
(-0.0242149 -0.122194 0)
(-0.00849864 -0.067538 0)
(-0.00722748 -0.062393 0)
(-0.00734021 0.0709673 0)
(-0.00861935 0.0768843 0)
(-0.0237027 0.135322 0)
(-0.0272161 0.145045 0)
(-0.0530958 0.190649 0)
(-0.0576513 0.195932 0)
(-0.0860254 0.216183 0)
(-0.0905154 0.217719 0)
(-0.116533 0.217624 0)
(-0.120438 0.216264 0)
(-0.142224 0.200929 0)
(-0.14538 0.197457 0)
(-0.1625 0.171233 0)
(-0.164906 0.166282 0)
(-0.177617 0.132541 0)
(-0.179348 0.126585 0)
(-0.188168 0.0877952 0)
(-0.189312 0.0811761 0)
(-0.194712 0.0391344 0)
(-0.195331 0.0321056 0)
(-0.197529 -0.0117728 0)
(-0.197631 -0.0189943 0)
(-0.196485 -0.063349 0)
(-0.196015 -0.0705272 0)
(-0.190993 -0.113704 0)
(-0.189831 -0.120524 0)
(-0.180072 -0.160206 0)
(-0.178056 -0.166214 0)
(-0.162571 -0.199069 0)
(-0.159546 -0.203618 0)
(-0.137622 -0.225052 0)
(-0.133526 -0.227281 0)
(-0.105346 -0.231469 0)
(-0.100337 -0.23035 0)
(-0.0680498 -0.21082 0)
(-0.0627635 -0.205323 0)
(-0.032434 -0.156487 0)
(-0.0282691 -0.145947 0)
(-0.0103293 -0.0824219 0)
(-0.00879785 -0.0759777 0)
(-0.00752753 0.073097 0)
(-0.00879201 0.0788475 0)
(-0.0242561 0.139114 0)
(-0.0277695 0.148837 0)
(-0.0540295 0.195214 0)
(-0.0585849 0.200497 0)
(-0.0870359 0.220648 0)
(-0.091526 0.222184 0)
(-0.117282 0.22152 0)
(-0.121187 0.22016 0)
(-0.142477 0.204079 0)
(-0.145633 0.200607 0)
(-0.162156 0.173632 0)
(-0.164563 0.168682 0)
(-0.176701 0.134265 0)
(-0.178432 0.12831 0)
(-0.186806 0.088935 0)
(-0.18795 0.0823159 0)
(-0.1931 0.0397506 0)
(-0.193719 0.0327219 0)
(-0.195908 -0.0116715 0)
(-0.19601 -0.018893 0)
(-0.195109 -0.0638185 0)
(-0.194638 -0.0709968 0)
(-0.190095 -0.114863 0)
(-0.188932 -0.121684 0)
(-0.179823 -0.162218 0)
(-0.177807 -0.168226 0)
(-0.163033 -0.20209 0)
(-0.160009 -0.206639 0)
(-0.138699 -0.229143 0)
(-0.134604 -0.231372 0)
(-0.106754 -0.236456 0)
(-0.101744 -0.235337 0)
(-0.069344 -0.216126 0)
(-0.0640577 -0.210628 0)
(-0.0332022 -0.16099 0)
(-0.0290373 -0.150449 0)
(-0.0105679 -0.0847683 0)
(-0.00905671 -0.0785232 0)
(-0.00912387 0.0866856 0)
(-0.0106179 0.0936371 0)
(-0.0279401 0.161837 0)
(-0.0318557 0.172958 0)
(-0.0596638 0.223089 0)
(-0.0643822 0.228581 0)
(-0.0925026 0.247634 0)
(-0.0967575 0.248685 0)
(-0.120202 0.244521 0)
(-0.123541 0.24239 0)
(-0.141217 0.222118 0)
(-0.143631 0.217844 0)
(-0.15608 0.186947 0)
(-0.157724 0.18129 0)
(-0.166068 0.143607 0)
(-0.167145 0.137077 0)
(-0.172576 0.0951071 0)
(-0.173271 0.0880268 0)
(-0.17673 0.0433247 0)
(-0.177165 0.0358918 0)
(-0.179153 -0.0105233 0)
(-0.179371 -0.0181666 0)
(-0.179847 -0.0654097 0)
(-0.179792 -0.0731092 0)
(-0.178117 -0.120004 0)
(-0.177632 -0.12752 0)
(-0.172576 -0.172119 0)
(-0.171411 -0.179038 0)
(-0.161286 -0.218078 0)
(-0.159139 -0.223724 0)
(-0.142171 -0.252088 0)
(-0.138775 -0.255442 0)
(-0.113815 -0.265824 0)
(-0.109104 -0.26551 0)
(-0.0771233 -0.248704 0)
(-0.0716177 -0.243139 0)
(-0.0387121 -0.189722 0)
(-0.0340023 -0.177587 0)
(-0.0130376 -0.10261 0)
(-0.0112117 -0.0949327 0)
(-0.00941802 0.0892714 0)
(-0.010889 0.0960207 0)
(-0.0286883 0.166095 0)
(-0.0326039 0.177216 0)
(-0.0607062 0.227814 0)
(-0.0654245 0.233306 0)
(-0.0933104 0.251852 0)
(-0.0975653 0.252903 0)
(-0.120302 0.247844 0)
(-0.123641 0.245714 0)
(-0.140345 0.224522 0)
(-0.142759 0.220248 0)
(-0.154175 0.188581 0)
(-0.155819 0.182924 0)
(-0.16323 0.144676 0)
(-0.164308 0.138147 0)
(-0.169024 0.0957964 0)
(-0.169718 0.0887162 0)
(-0.172758 0.0437577 0)
(-0.173193 0.0363248 0)
(-0.175103 -0.0103057 0)
(-0.175321 -0.0179489 0)
(-0.176082 -0.0654627 0)
(-0.176027 -0.0731622 0)
(-0.174993 -0.120485 0)
(-0.174508 -0.128 0)
(-0.170398 -0.173276 0)
(-0.169232 -0.180195 0)
(-0.160251 -0.220217 0)
(-0.158104 -0.225863 0)
(-0.142287 -0.255472 0)
(-0.138892 -0.258826 0)
(-0.114821 -0.270498 0)
(-0.11011 -0.270185 0)
(-0.0784551 -0.254227 0)
(-0.0729495 -0.248662 0)
(-0.0396874 -0.194855 0)
(-0.0349777 -0.18272 0)
(-0.0133922 -0.105526 0)
(-0.0115964 -0.0980963 0)
(-0.0118515 0.105625 0)
(-0.0136216 0.113634 0)
(-0.033602 0.191401 0)
(-0.0379174 0.203736 0)
(-0.0667671 0.25611 0)
(-0.0713821 0.261352 0)
(-0.0968447 0.276338 0)
(-0.100393 0.276472 0)
(-0.118046 0.266068 0)
(-0.120271 0.262894 0)
(-0.130534 0.23664 0)
(-0.131684 0.23148 0)
(-0.136528 0.195944 0)
(-0.136968 0.18966 0)
(-0.138588 0.14893 0)
(-0.138672 0.14203 0)
(-0.138989 0.0983851 0)
(-0.138998 0.0911293 0)
(-0.139417 0.0456705 0)
(-0.139538 0.03817 0)
(-0.140844 -0.00866516 0)
(-0.141154 -0.0163726 0)
(-0.143452 -0.06436 0)
(-0.143907 -0.0722363 0)
(-0.146546 -0.12091 0)
(-0.14697 -0.128835 0)
(-0.148468 -0.176936 0)
(-0.148541 -0.184602 0)
(-0.146576 -0.229353 0)
(-0.145846 -0.236128 0)
(-0.137453 -0.272322 0)
(-0.135399 -0.277087 0)
(-0.117602 -0.296145 0)
(-0.113808 -0.297165 0)
(-0.0854481 -0.28668 0)
(-0.0801317 -0.281641 0)
(-0.0462294 -0.226644 0)
(-0.0410471 -0.213167 0)
(-0.0168277 -0.12704 0)
(-0.0146545 -0.118102 0)
(-0.0123365 0.108884 0)
(-0.0140687 0.116638 0)
(-0.0346447 0.196145 0)
(-0.0389601 0.20848 0)
(-0.0678621 0.260719 0)
(-0.0724771 0.265962 0)
(-0.0971478 0.27983 0)
(-0.100696 0.279964 0)
(-0.11697 0.268269 0)
(-0.119195 0.265095 0)
(-0.127852 0.237775 0)
(-0.129002 0.232614 0)
(-0.132287 0.196373 0)
(-0.132728 0.190088 0)
(-0.133016 0.149006 0)
(-0.1331 0.142105 0)
(-0.13242 0.0983897 0)
(-0.132429 0.0911339 0)
(-0.13225 0.0457895 0)
(-0.132371 0.038289 0)
(-0.133515 -0.00835514 0)
(-0.133824 -0.0160626 0)
(-0.136421 -0.0639015 0)
(-0.136876 -0.0717779 0)
(-0.140288 -0.120479 0)
(-0.140712 -0.128403 0)
(-0.143441 -0.176851 0)
(-0.143514 -0.184517 0)
(-0.143163 -0.230068 0)
(-0.142433 -0.236843 0)
(-0.135857 -0.274353 0)
(-0.133803 -0.279118 0)
(-0.117694 -0.299881 0)
(-0.1139 -0.300901 0)
(-0.0866184 -0.292001 0)
(-0.0813019 -0.286963 0)
(-0.0474611 -0.232353 0)
(-0.0422788 -0.218876 0)
(-0.0173709 -0.130735 0)
(-0.0152437 -0.122111 0)
(-0.0161327 0.129167 0)
(-0.0182544 0.138145 0)
(-0.0411769 0.22391 0)
(-0.0457911 0.236977 0)
(-0.0734959 0.287294 0)
(-0.0774747 0.291534 0)
(-0.0960746 0.298293 0)
(-0.098159 0.296936 0)
(-0.105292 0.277797 0)
(-0.105646 0.273309 0)
(-0.104259 0.240363 0)
(-0.103508 0.234316 0)
(-0.097403 0.194828 0)
(-0.0961573 0.188112 0)
(-0.0886231 0.145952 0)
(-0.0873726 0.138999 0)
(-0.080918 0.09587 0)
(-0.0800173 0.0888334 0)
(-0.0763548 0.0451545 0)
(-0.076029 0.038027 0)
(-0.0761318 -0.00647907 0)
(-0.0764859 -0.0137828 0)
(-0.0806149 -0.0596592 0)
(-0.0816317 -0.0672372 0)
(-0.0892668 -0.114887 0)
(-0.0907856 -0.122776 0)
(-0.100454 -0.17193 0)
(-0.102134 -0.179996 0)
(-0.111184 -0.228882 0)
(-0.112468 -0.236644 0)
(-0.116922 -0.280704 0)
(-0.117032 -0.287079 0)
(-0.111819 -0.317194 0)
(-0.109874 -0.32017 0)
(-0.0905793 -0.320812 0)
(-0.0862135 -0.317219 0)
(-0.0547586 -0.266048 0)
(-0.0493602 -0.251868 0)
(-0.022156 -0.156798 0)
(-0.019597 -0.146734 0)
(-0.0169267 0.133461 0)
(-0.0189863 0.142104 0)
(-0.0425835 0.229051 0)
(-0.0471978 0.242118 0)
(-0.0743541 0.291235 0)
(-0.0783329 0.295475 0)
(-0.0951769 0.300295 0)
(-0.0972613 0.298938 0)
(-0.102069 0.278119 0)
(-0.102423 0.273631 0)
(-0.0986747 0.239595 0)
(-0.097924 0.233549 0)
(-0.0897248 0.193572 0)
(-0.0884791 0.186856 0)
(-0.0792634 0.144696 0)
(-0.0780129 0.137743 0)
(-0.0703433 0.0949685 0)
(-0.0694426 0.087932 0)
(-0.0650471 0.0448304 0)
(-0.0647213 0.0377029 0)
(-0.0645832 -0.00612122 0)
(-0.0649374 -0.013425 0)
(-0.06934 -0.0586362 0)
(-0.0703568 -0.0662143 0)
(-0.0788182 -0.113358 0)
(-0.080337 -0.121248 0)
(-0.0914253 -0.170234 0)
(-0.0931054 -0.1783 0)
(-0.104176 -0.227576 0)
(-0.10546 -0.235339 0)
(-0.112438 -0.280559 0)
(-0.112547 -0.286934 0)
(-0.110047 -0.31905 0)
(-0.108102 -0.322026 0)
(-0.0910736 -0.325148 0)
(-0.0867078 -0.321556 0)
(-0.056204 -0.272077 0)
(-0.0508056 -0.257897 0)
(-0.0229708 -0.16158 0)
(-0.0204809 -0.151922 0)
(-0.022508 0.159465 0)
(-0.0250309 0.16906 0)
(-0.050288 0.258193 0)
(-0.0548126 0.270959 0)
(-0.076378 0.311804 0)
(-0.0786886 0.313907 0)
(-0.0834042 0.307124 0)
(-0.0828716 0.303638 0)
(-0.0731212 0.273671 0)
(-0.0706597 0.267727 0)
(-0.0529336 0.228467 0)
(-0.0496287 0.221728 0)
(-0.0295447 0.180141 0)
(-0.0262102 0.17337 0)
(-0.00774655 0.132364 0)
(-0.00493356 0.125818 0)
(0.00927943 0.0860971 0)
(0.0112183 0.0797725 0)
(0.0195388 0.0409049 0)
(0.0203919 0.0346637 0)
(0.0218842 -0.00435259 0)
(0.0215421 -0.010713 0)
(0.0158339 -0.051135 0)
(0.014279 -0.0578404 0)
(0.00159728 -0.100924 0)
(-0.00107333 -0.108176 0)
(-0.0196634 -0.154793 0)
(-0.0231775 -0.162682 0)
(-0.0453189 -0.212558 0)
(-0.0491328 -0.220883 0)
(-0.0705467 -0.271106 0)
(-0.0737275 -0.279032 0)
(-0.0876437 -0.32142 0)
(-0.0888283 -0.326922 0)
(-0.0868027 -0.34416 0)
(-0.0847037 -0.343293 0)
(-0.0624715 -0.3047 0)
(-0.0575174 -0.291126 0)
(-0.0290675 -0.193165 0)
(-0.0261645 -0.182463 0)
(-0.023669 0.165411 0)
(-0.0261011 0.174541 0)
(-0.0518496 0.263313 0)
(-0.0563741 0.276078 0)
(-0.0760337 0.313976 0)
(-0.0783443 0.31608 0)
(-0.0797595 0.306452 0)
(-0.0792269 0.302966 0)
(-0.0659933 0.271157 0)
(-0.0635317 0.265212 0)
(-0.0427417 0.225137 0)
(-0.0394368 0.218398 0)
(-0.0169092 0.176796 0)
(-0.0135747 0.170024 0)
(0.006701 0.129549 0)
(0.00951399 0.123004 0)
(0.0249682 0.0841622 0)
(0.026907 0.0778376 0)
(0.0359648 0.0400585 0)
(0.0368178 0.0338172 0)
(0.0385815 -0.00400183 0)
(0.0382393 -0.0103623 0)
(0.0323288 -0.0495688 0)
(0.0307738 -0.0562741 0)
(0.0173548 -0.098237 0)
(0.0146842 -0.105489 0)
(-0.00529063 -0.151253 0)
(-0.00880473 -0.159142 0)
(-0.0331157 -0.208704 0)
(-0.0369296 -0.21703 0)
(-0.0613839 -0.267855 0)
(-0.0645648 -0.275782 0)
(-0.0822731 -0.320081 0)
(-0.0834578 -0.325582 0)
(-0.0853749 -0.346126 0)
(-0.0832758 -0.345259 0)
(-0.0637019 -0.310332 0)
(-0.0587478 -0.296758 0)
(-0.030122 -0.199502 0)
(-0.0273085 -0.189338 0)
(-0.0298533 0.199352 0)
(-0.0326628 0.208614 0)
(-0.0566978 0.289998 0)
(-0.0600188 0.300378 0)
(-0.0649985 0.320101 0)
(-0.063771 0.318549 0)
(-0.0440114 0.293029 0)
(-0.039312 0.286985 0)
(-0.00565485 0.246275 0)
(0.000538503 0.23913 0)
(0.0381073 0.196311 0)
(0.0443656 0.189434 0)
(0.0795329 0.149418 0)
(0.0850342 0.143217 0)
(0.114242 0.107058 0)
(0.118546 0.101516 0)
(0.139895 0.0686078 0)
(0.142774 0.0635392 0)
(0.155265 0.0326261 0)
(0.1566 0.0277843 0)
(0.159664 -0.00265837 0)
(0.159379 -0.00754944 0)
(0.152646 -0.0392074 0)
(0.150689 -0.0444491 0)
(0.13397 -0.0791411 0)
(0.130329 -0.0850565 0)
(0.103839 -0.124621 0)
(0.0986049 -0.131521 0)
(0.0635322 -0.177367 0)
(0.0570379 -0.18542 0)
(0.0165813 -0.237226 0)
(0.00963917 -0.246114 0)
(-0.0294399 -0.29884 0)
(-0.0352303 -0.307032 0)
(-0.0612799 -0.345107 0)
(-0.0635151 -0.348486 0)
(-0.0625997 -0.335014 0)
(-0.0595642 -0.324487 0)
(-0.0351613 -0.23691 0)
(-0.0322006 -0.226754 0)
(-0.0308799 0.207711 0)
(-0.0336092 0.216319 0)
(-0.0571193 0.293717 0)
(-0.0604402 0.304097 0)
(-0.0607786 0.318421 0)
(-0.0595511 0.31687 0)
(-0.034397 0.288012 0)
(-0.0296977 0.281967 0)
(0.00840239 0.239928 0)
(0.0145957 0.232783 0)
(0.0554186 0.189973 0)
(0.0616769 0.183096 0)
(0.0990772 0.143877 0)
(0.104579 0.137676 0)
(0.135241 0.102738 0)
(0.139544 0.0971957 0)
(0.161792 0.0657255 0)
(0.164672 0.0606568 0)
(0.177669 0.0312966 0)
(0.179004 0.0264548 0)
(0.182273 -0.00236156 0)
(0.181988 -0.00725264 0)
(0.175173 -0.0372312 0)
(0.173216 -0.0424729 0)
(0.156059 -0.0754676 0)
(0.152418 -0.0813831 0)
(0.124968 -0.119331 0)
(0.119734 -0.126231 0)
(0.0829005 -0.170774 0)
(0.0764062 -0.178827 0)
(0.0330303 -0.230104 0)
(0.0260881 -0.238992 0)
(-0.0174102 -0.292711 0)
(-0.0232006 -0.300904 0)
(-0.0551159 -0.342433 0)
(-0.0573511 -0.345813 0)
(-0.0620025 -0.338434 0)
(-0.058967 -0.327908 0)
(-0.0357734 -0.245173 0)
(-0.0328646 -0.235718 0)
(-0.0278049 0.245635 0)
(-0.0303888 0.252684 0)
(-0.0425109 0.30623 0)
(-0.0419764 0.310484 0)
(-0.0119872 0.295602 0)
(-0.00426197 0.288968 0)
(0.0522474 0.243825 0)
(0.0626174 0.235672 0)
(0.123873 0.189479 0)
(0.134032 0.182215 0)
(0.189934 0.142296 0)
(0.198727 0.136362 0)
(0.245311 0.103558 0)
(0.252333 0.098804 0)
(0.288269 0.0718386 0)
(0.293436 0.0679516 0)
(0.318557 0.0450616 0)
(0.321901 0.0417274 0)
(0.336384 0.0212085 0)
(0.337948 0.0181464 0)
(0.341868 -0.00159535 0)
(0.341648 -0.00465011 0)
(0.334776 -0.0252249 0)
(0.332702 -0.0285536 0)
(0.314445 -0.0517696 0)
(0.310377 -0.0557079 0)
(0.279872 -0.0837492 0)
(0.273637 -0.0887191 0)
(0.230145 -0.124174 0)
(0.221652 -0.130668 0)
(0.165522 -0.175969 0)
(0.155003 -0.18436 0)
(0.08953 -0.239657 0)
(0.0780604 -0.249607 0)
(0.0136468 -0.306767 0)
(0.00431335 -0.31545 0)
(-0.0342569 -0.339499 0)
(-0.0360095 -0.335926 0)
(-0.0277557 -0.28035 0)
(-0.0254721 -0.272861 0)
(-0.0249596 0.254132 0)
(-0.027766 0.260517 0)
(-0.0365769 0.304649 0)
(-0.0360424 0.308903 0)
(0.00274405 0.287252 0)
(0.0104693 0.280618 0)
(0.0739239 0.233288 0)
(0.0842938 0.225135 0)
(0.149532 0.179282 0)
(0.15969 0.172017 0)
(0.217618 0.133515 0)
(0.22641 0.127581 0)
(0.273892 0.0965658 0)
(0.280914 0.0918122 0)
(0.317145 0.0667003 0)
(0.322311 0.0628133 0)
(0.347461 0.0417367 0)
(0.350805 0.0384025 0)
(0.365254 0.0196544 0)
(0.366818 0.0165924 0)
(0.370751 -0.00137496 0)
(0.370531 -0.00442972 0)
(0.363751 -0.0231592 0)
(0.361677 -0.0264879 0)
(0.343546 -0.0477192 0)
(0.339477 -0.0516575 0)
(0.30898 -0.0775359 0)
(0.302745 -0.0825059 0)
(0.258825 -0.11568 0)
(0.250332 -0.122174 0)
(0.192761 -0.165383 0)
(0.182241 -0.173774 0)
(0.11332 -0.227996 0)
(0.10185 -0.237946 0)
(0.0306458 -0.296797 0)
(0.0213124 -0.305479 0)
(-0.0265425 -0.336381 0)
(-0.0282952 -0.332808 0)
(-0.0241311 -0.287516 0)
(-0.0215399 -0.280635 0)
(0.041663 0.255332 0)
(0.0399517 0.258432 0)
(0.059068 0.27155 0)
(0.0681525 0.266633 0)
(0.149461 0.219741 0)
(0.166431 0.209234 0)
(0.260249 0.156912 0)
(0.275875 0.14902 0)
(0.354471 0.109633 0)
(0.366671 0.104244 0)
(0.427707 0.0760621 0)
(0.436889 0.0723897 0)
(0.482826 0.0521735 0)
(0.48952 0.0496148 0)
(0.522627 0.0346511 0)
(0.527253 0.0327758 0)
(0.549364 0.0210392 0)
(0.552238 0.0195548 0)
(0.564645 0.00958664 0)
(0.565958 0.00829014 0)
(0.569308 -0.00103832 0)
(0.569127 -0.00230964 0)
(0.563394 -0.0120395 0)
(0.561655 -0.0134511 0)
(0.546086 -0.0247808 0)
(0.542579 -0.0265487 0)
(0.515595 -0.0411325 0)
(0.50994 -0.0435886 0)
(0.469083 -0.0639148 0)
(0.460719 -0.0675941 0)
(0.402704 -0.0973202 0)
(0.390872 -0.103041 0)
(0.311874 -0.146783 0)
(0.295844 -0.155592 0)
(0.196743 -0.215665 0)
(0.178432 -0.227589 0)
(0.0876716 -0.282526 0)
(0.0769222 -0.288325 0)
(0.0505423 -0.276506 0)
(0.0513373 -0.273523 0)
(0.0696003 0.247434 0)
(0.0657039 0.251152 0)
(0.0907719 0.257105 0)
(0.0998564 0.252189 0)
(0.189644 0.204177 0)
(0.206614 0.193669 0)
(0.303523 0.14329 0)
(0.31915 0.135398 0)
(0.397216 0.0987175 0)
(0.409416 0.0933285 0)
(0.468638 0.067729 0)
(0.477819 0.0640567 0)
(0.521745 0.0460571 0)
(0.528439 0.0434984 0)
(0.559781 0.0303966 0)
(0.564407 0.0285213 0)
(0.585191 0.0183808 0)
(0.588065 0.0168965 0)
(0.599663 0.00836392 0)
(0.600976 0.00706742 0)
(0.604075 -0.000879154 0)
(0.603894 -0.00215048 0)
(0.598494 -0.0104408 0)
(0.596755 -0.0118524 0)
(0.582119 -0.0215592 0)
(0.578612 -0.0233271 0)
(0.553151 -0.0359568 0)
(0.547496 -0.0384129 0)
(0.508651 -0.0562915 0)
(0.500287 -0.0599708 0)
(0.444418 -0.0866464 0)
(0.432586 -0.092367 0)
(0.35482 -0.132624 0)
(0.338791 -0.141433 0)
(0.237465 -0.198571 0)
(0.219155 -0.210494 0)
(0.120304 -0.265829 0)
(0.109554 -0.271628 0)
(0.0769222 -0.267265 0)
(0.0799556 -0.263498 0)
(0.239553 0.178309 0)
(0.253605 0.173754 0)
(0.319419 0.15925 0)
(0.339584 0.153775 0)
(0.453039 0.110319 0)
(0.474799 0.103766 0)
(0.574811 0.0686115 0)
(0.589395 0.0646603 0)
(0.656972 0.0427374 0)
(0.665784 0.0405098 0)
(0.710452 0.0270056 0)
(0.716052 0.025726 0)
(0.746375 0.0171936 0)
(0.750036 0.0164323 0)
(0.770437 0.0107687 0)
(0.772776 0.0102849 0)
(0.78574 0.00621679 0)
(0.787102 0.00587577 0)
(0.794075 0.00263008 0)
(0.794645 0.00235425 0)
(0.796324 -0.000583834 0)
(0.796168 -0.000846981 0)
(0.792631 -0.00391014 0)
(0.791719 -0.00421042 0)
(0.782411 -0.00790074 0)
(0.780593 -0.00830816 0)
(0.764145 -0.0133945 0)
(0.7611 -0.0140353 0)
(0.73493 -0.0218708 0)
(0.73004 -0.0229931 0)
(0.689359 -0.0360288 0)
(0.681305 -0.038121 0)
(0.616568 -0.0606261 0)
(0.602515 -0.0646062 0)
(0.501657 -0.102434 0)
(0.4795 -0.109362 0)
(0.359633 -0.157104 0)
(0.338113 -0.163111 0)
(0.265529 -0.179904 0)
(0.250725 -0.185029 0)
(0.264843 0.166996 0)
(0.277789 0.163106 0)
(0.344843 0.147734 0)
(0.366719 0.141794 0)
(0.47968 0.101778 0)
(0.503286 0.0946692 0)
(0.601144 0.0622591 0)
(0.616966 0.0579727 0)
(0.681799 0.0381174 0)
(0.691359 0.0357008 0)
(0.733369 0.0237158 0)
(0.739444 0.0223276 0)
(0.767556 0.0148989 0)
(0.771528 0.014073 0)
(0.790255 0.00923143 0)
(0.792792 0.00870661 0)
(0.804602 0.00528494 0)
(0.806079 0.00491499 0)
(0.812383 0.00221816 0)
(0.813001 0.00191892 0)
(0.814477 -0.000506592 0)
(0.814308 -0.000792066 0)
(0.811038 -0.00332167 0)
(0.810048 -0.00364743 0)
(0.801511 -0.00671738 0)
(0.799539 -0.00715936 0)
(0.784425 -0.0114479 0)
(0.781122 -0.0121432 0)
(0.756919 -0.018868 0)
(0.751614 -0.0200855 0)
(0.713526 -0.0315015 0)
(0.704789 -0.0337713 0)
(0.64299 -0.0539132 0)
(0.627745 -0.058231 0)
(0.529508 -0.0927646 0)
(0.505472 -0.100281 0)
(0.386654 -0.14399 0)
(0.363309 -0.150507 0)
(0.289867 -0.168075 0)
(0.276105 -0.172468 0)
)
;

boundaryField
{
    movingWall
    {
        type            fixedValue;
        value           uniform (1 0 0);
    }
    fixedWalls
    {
        type            noSlip;
    }
    frontAndBack
    {
        type            empty;
    }
}


// ************************************************************************* //
