(
5.9195e-02
5.9195e-02
5.9195e-02
5.9195e-02
5.9195e-02
5.9195e-02
5.9195e-02
5.9195e-02
5.9195e-02
5.9195e-02
5.9195e-02
5.9195e-02
5.9195e-02
5.9195e-02
5.9195e-02
5.9195e-02
5.9195e-02
5.9195e-02
5.9195e-02
5.9195e-02
5.9195e-02
5.9195e-02
5.9195e-02
5.9195e-02
5.9195e-02
5.9195e-02
5.9195e-02
5.9195e-02
5.9195e-02
5.9195e-02
5.9195e-02
5.9195e-02
5.9195e-02
5.9195e-02
5.9195e-02
5.9195e-02
5.9195e-02
5.9195e-02
5.9195e-02
5.9195e-02
5.9195e-02
5.9195e-02
5.9195e-02
5.9195e-02
5.9195e-02
5.9195e-02
5.9195e-02
5.9195e-02
5.9195e-02
5.9195e-02
5.9195e-02
5.9195e-02
5.9195e-02
5.9195e-02
5.9195e-02
5.9195e-02
5.9195e-02
5.9195e-02
5.9195e-02
5.9195e-02
5.9195e-02
5.9195e-02
5.9195e-02
5.9195e-02
5.9195e-02
5.9195e-02
5.9195e-02
5.9195e-02
5.9195e-02
5.9195e-02
5.9195e-02
5.9195e-02
5.9195e-02
5.9195e-02
5.9195e-02
5.9195e-02
5.9195e-02
5.9195e-02
5.9195e-02
5.9195e-02
5.9195e-02
5.9195e-02
5.9195e-02
5.9195e-02
)
