(
7.0573e-01
7.1859e-01
7.2802e-01
7.3469e-01
7.3729e-01
7.3629e-01
7.3360e-01
7.2998e-01
7.2727e-01
7.2410e-01
7.2126e-01
7.1889e-01
7.1516e-01
7.1006e-01
7.0491e-01
7.0038e-01
6.9643e-01
6.9317e-01
6.9043e-01
6.8740e-01
6.8394e-01
6.8033e-01
6.7672e-01
6.7409e-01
6.7164e-01
6.6935e-01
6.6624e-01
6.6302e-01
6.5720e-01
6.5070e-01
6.4425e-01
6.3835e-01
6.3311e-01
6.2803e-01
6.2263e-01
6.1700e-01
6.1108e-01
6.0523e-01
5.9993e-01
5.9546e-01
5.9300e-01
5.9189e-01
5.9189e-01
5.9300e-01
5.9546e-01
5.9993e-01
6.0523e-01
6.1108e-01
6.1700e-01
6.2263e-01
6.2803e-01
6.3311e-01
6.3835e-01
6.4425e-01
6.5070e-01
6.5720e-01
6.6302e-01
6.6624e-01
6.6935e-01
6.7164e-01
6.7409e-01
6.7672e-01
6.8033e-01
6.8394e-01
6.8740e-01
6.9043e-01
6.9317e-01
6.9643e-01
7.0038e-01
7.0491e-01
7.1006e-01
7.1516e-01
7.1889e-01
7.2126e-01
7.2410e-01
7.2727e-01
7.2998e-01
7.3360e-01
7.3629e-01
7.3729e-01
7.3469e-01
7.2802e-01
7.1859e-01
7.0573e-01
)
